# i       xs       ys     ths  m1  m2      nxs      nys     coef       ns
  0    9.420    0.741    0.01   2   1     1.00     0.08    0.025    59.37
  1    9.188    2.206    0.04   2   1     0.97     0.23    0.025    59.37
  2    8.729    3.616    0.06   2   1     0.92     0.38    0.025    59.37
  3    8.056    4.937    0.09   2   1     0.85     0.52    0.025    59.37
  4    7.185    6.136    0.11   2   1     0.76     0.65    0.025    59.37
  5    6.136    7.185    0.14   2   1     0.65     0.76    0.025    59.37
  6    4.937    8.056    0.16   2   1     0.52     0.85    0.025    59.37
  7    3.616    8.729    0.19   2   1     0.38     0.92    0.025    59.37
  8    2.206    9.188    0.21   2   1     0.23     0.97    0.025    59.37
  9    0.741    9.420    0.24   2   1     0.08     1.00    0.025    59.37
 10   -0.741    9.420    0.26   2   1    -0.08     1.00    0.025    59.37
 11   -2.206    9.188    0.29   2   1    -0.23     0.97    0.025    59.37
 12   -3.616    8.729    0.31   2   1    -0.38     0.92    0.025    59.37
 13   -4.937    8.056    0.34   2   1    -0.52     0.85    0.025    59.37
 14   -6.136    7.185    0.36   2   1    -0.65     0.76    0.025    59.37
 15   -7.185    6.136    0.39   2   1    -0.76     0.65    0.025    59.37
 16   -8.056    4.937    0.41   2   1    -0.85     0.52    0.025    59.37
 17   -8.729    3.616    0.44   2   1    -0.92     0.38    0.025    59.37
 18   -9.188    2.206    0.46   2   1    -0.97     0.23    0.025    59.37
 19   -9.420    0.741    0.49   2   1    -1.00     0.08    0.025    59.37
 20   -9.420   -0.741    0.51   2   1    -1.00    -0.08    0.025    59.37
 21   -9.188   -2.206    0.54   2   1    -0.97    -0.23    0.025    59.37
 22   -8.729   -3.616    0.56   2   1    -0.92    -0.38    0.025    59.37
 23   -8.056   -4.937    0.59   2   1    -0.85    -0.52    0.025    59.37
 24   -7.185   -6.136    0.61   2   1    -0.76    -0.65    0.025    59.37
 25   -6.136   -7.185    0.64   2   1    -0.65    -0.76    0.025    59.37
 26   -4.937   -8.056    0.66   2   1    -0.52    -0.85    0.025    59.37
 27   -3.616   -8.729    0.69   2   1    -0.38    -0.92    0.025    59.37
 28   -2.206   -9.188    0.71   2   1    -0.23    -0.97    0.025    59.37
 29   -0.741   -9.420    0.74   2   1    -0.08    -1.00    0.025    59.37
 30    0.741   -9.420    0.76   2   1     0.08    -1.00    0.025    59.37
 31    2.206   -9.188    0.79   2   1     0.23    -0.97    0.025    59.37
 32    3.616   -8.729    0.81   2   1     0.38    -0.92    0.025    59.37
 33    4.937   -8.056    0.84   2   1     0.52    -0.85    0.025    59.37
 34    6.136   -7.185    0.86   2   1     0.65    -0.76    0.025    59.37
 35    7.185   -6.136    0.89   2   1     0.76    -0.65    0.025    59.37
 36    8.056   -4.937    0.91   2   1     0.85    -0.52    0.025    59.37
 37    8.729   -3.616    0.94   2   1     0.92    -0.38    0.025    59.37
 38    9.188   -2.206    0.96   2   1     0.97    -0.23    0.025    59.37
 39    9.420   -0.741    0.99   2   1     1.00    -0.08    0.025    59.37
 40 -103.964    0.741    1.01   2   1     1.00     0.08    0.025    59.37
 41 -104.196    2.206    1.04   2   1     0.97     0.23    0.025    59.37
 42 -104.654    3.616    1.06   2   1     0.92     0.38    0.025    59.37
 43 -105.327    4.937    1.09   2   1     0.85     0.52    0.025    59.37
 44 -106.199    6.136    1.11   2   1     0.76     0.65    0.025    59.37
 45 -107.247    7.185    1.14   2   1     0.65     0.76    0.025    59.37
 46 -108.447    8.056    1.16   2   1     0.52     0.85    0.025    59.37
 47 -109.768    8.729    1.19   2   1     0.38     0.92    0.025    59.37
 48 -111.178    9.188    1.21   2   1     0.23     0.97    0.025    59.37
 49 -112.642    9.420    1.24   2   1     0.08     1.00    0.025    59.37
 50 -114.125    9.420    1.26   2   1    -0.08     1.00    0.025    59.37
 51 -115.589    9.188    1.29   2   1    -0.23     0.97    0.025    59.37
 52 -116.999    8.729    1.31   2   1    -0.38     0.92    0.025    59.37
 53 -118.320    8.056    1.34   2   1    -0.52     0.85    0.025    59.37
 54 -119.520    7.185    1.36   2   1    -0.65     0.76    0.025    59.37
 55 -120.568    6.136    1.39   2   1    -0.76     0.65    0.025    59.37
 56 -121.440    4.937    1.41   2   1    -0.85     0.52    0.025    59.37
 57 -122.113    3.616    1.44   2   1    -0.92     0.38    0.025    59.37
 58 -122.571    2.206    1.46   2   1    -0.97     0.23    0.025    59.37
 59 -122.803    0.741    1.49   2   1    -1.00     0.08    0.025    59.37
 60 -122.803   -0.741    1.51   2   1    -1.00    -0.08    0.025    59.37
 61 -122.571   -2.206    1.54   2   1    -0.97    -0.23    0.025    59.37
 62 -122.113   -3.616    1.56   2   1    -0.92    -0.38    0.025    59.37
 63 -121.440   -4.937    1.59   2   1    -0.85    -0.52    0.025    59.37
 64 -120.568   -6.136    1.61   2   1    -0.76    -0.65    0.025    59.37
 65 -119.520   -7.185    1.64   2   1    -0.65    -0.76    0.025    59.37
 66 -118.320   -8.056    1.66   2   1    -0.52    -0.85    0.025    59.37
 67 -116.999   -8.729    1.69   2   1    -0.38    -0.92    0.025    59.37
 68 -115.589   -9.188    1.71   2   1    -0.23    -0.97    0.025    59.37
 69 -114.125   -9.420    1.74   2   1    -0.08    -1.00    0.025    59.37
 70 -112.642   -9.420    1.76   2   1     0.08    -1.00    0.025    59.37
 71 -111.178   -9.188    1.79   2   1     0.23    -0.97    0.025    59.37
 72 -109.768   -8.729    1.81   2   1     0.38    -0.92    0.025    59.37
 73 -108.447   -8.056    1.84   2   1     0.52    -0.85    0.025    59.37
 74 -107.247   -7.185    1.86   2   1     0.65    -0.76    0.025    59.37
 75 -106.199   -6.136    1.89   2   1     0.76    -0.65    0.025    59.37
 76 -105.327   -4.937    1.91   2   1     0.85    -0.52    0.025    59.37
 77 -104.654   -3.616    1.94   2   1     0.92    -0.38    0.025    59.37
 78 -104.196   -2.206    1.96   2   1     0.97    -0.23    0.025    59.37
 79 -103.964   -0.741    1.99   2   1     1.00    -0.08    0.025    59.37
 80  -75.618   49.838    2.01   2   1     1.00     0.08    0.025    59.37
 81  -75.850   51.302    2.04   2   1     0.97     0.23    0.025    59.37
 82  -76.308   52.712    2.06   2   1     0.92     0.38    0.025    59.37
 83  -76.981   54.033    2.09   2   1     0.85     0.52    0.025    59.37
 84  -77.853   55.233    2.11   2   1     0.76     0.65    0.025    59.37
 85  -78.901   56.281    2.14   2   1     0.65     0.76    0.025    59.37
 86  -80.101   57.153    2.16   2   1     0.52     0.85    0.025    59.37
 87  -81.422   57.826    2.19   2   1     0.38     0.92    0.025    59.37
 88  -82.832   58.284    2.21   2   1     0.23     0.97    0.025    59.37
 89  -84.296   58.516    2.24   2   1     0.08     1.00    0.025    59.37
 90  -85.779   58.516    2.26   2   1    -0.08     1.00    0.025    59.37
 91  -87.243   58.284    2.29   2   1    -0.23     0.97    0.025    59.37
 92  -88.654   57.826    2.31   2   1    -0.38     0.92    0.025    59.37
 93  -89.975   57.153    2.34   2   1    -0.52     0.85    0.025    59.37
 94  -91.174   56.281    2.36   2   1    -0.65     0.76    0.025    59.37
 95  -92.222   55.233    2.39   2   1    -0.76     0.65    0.025    59.37
 96  -93.094   54.033    2.41   2   1    -0.85     0.52    0.025    59.37
 97  -93.767   52.712    2.44   2   1    -0.92     0.38    0.025    59.37
 98  -94.225   51.302    2.46   2   1    -0.97     0.23    0.025    59.37
 99  -94.457   49.838    2.49   2   1    -1.00     0.08    0.025    59.37
100  -94.457   48.355    2.51   2   1    -1.00    -0.08    0.025    59.37
101  -94.225   46.891    2.54   2   1    -0.97    -0.23    0.025    59.37
102  -93.767   45.481    2.56   2   1    -0.92    -0.38    0.025    59.37
103  -93.094   44.160    2.59   2   1    -0.85    -0.52    0.025    59.37
104  -92.222   42.960    2.61   2   1    -0.76    -0.65    0.025    59.37
105  -91.174   41.912    2.64   2   1    -0.65    -0.76    0.025    59.37
106  -89.975   41.040    2.66   2   1    -0.52    -0.85    0.025    59.37
107  -88.654   40.367    2.69   2   1    -0.38    -0.92    0.025    59.37
108  -87.243   39.909    2.71   2   1    -0.23    -0.97    0.025    59.37
109  -85.779   39.677    2.74   2   1    -0.08    -1.00    0.025    59.37
110  -84.296   39.677    2.76   2   1     0.08    -1.00    0.025    59.37
111  -82.832   39.909    2.79   2   1     0.23    -0.97    0.025    59.37
112  -81.422   40.367    2.81   2   1     0.38    -0.92    0.025    59.37
113  -80.101   41.040    2.84   2   1     0.52    -0.85    0.025    59.37
114  -78.901   41.912    2.86   2   1     0.65    -0.76    0.025    59.37
115  -77.853   42.960    2.89   2   1     0.76    -0.65    0.025    59.37
116  -76.981   44.160    2.91   2   1     0.85    -0.52    0.025    59.37
117  -76.308   45.481    2.94   2   1     0.92    -0.38    0.025    59.37
118  -75.850   46.891    2.96   2   1     0.97    -0.23    0.025    59.37
119  -75.618   48.355    2.99   2   1     1.00    -0.08    0.025    59.37
120  -47.272   98.934    3.01   2   1     1.00     0.08    0.025    59.37
121  -47.504  100.399    3.04   2   1     0.97     0.23    0.025    59.37
122  -47.962  101.809    3.06   2   1     0.92     0.38    0.025    59.37
123  -48.636  103.130    3.09   2   1     0.85     0.52    0.025    59.37
124  -49.507  104.329    3.11   2   1     0.76     0.65    0.025    59.37
125  -50.555  105.378    3.14   2   1     0.65     0.76    0.025    59.37
126  -51.755  106.249    3.16   2   1     0.52     0.85    0.025    59.37
127  -53.076  106.922    3.19   2   1     0.38     0.92    0.025    59.37
128  -54.486  107.381    3.21   2   1     0.23     0.97    0.025    59.37
129  -55.950  107.613    3.24   2   1     0.08     1.00    0.025    59.37
130  -57.433  107.613    3.26   2   1    -0.08     1.00    0.025    59.37
131  -58.898  107.381    3.29   2   1    -0.23     0.97    0.025    59.37
132  -60.308  106.922    3.31   2   1    -0.38     0.92    0.025    59.37
133  -61.629  106.249    3.34   2   1    -0.52     0.85    0.025    59.37
134  -62.828  105.378    3.36   2   1    -0.65     0.76    0.025    59.37
135  -63.877  104.329    3.39   2   1    -0.76     0.65    0.025    59.37
136  -64.748  103.130    3.41   2   1    -0.85     0.52    0.025    59.37
137  -65.421  101.809    3.44   2   1    -0.92     0.38    0.025    59.37
138  -65.879  100.399    3.46   2   1    -0.97     0.23    0.025    59.37
139  -66.111   98.934    3.49   2   1    -1.00     0.08    0.025    59.37
140  -66.111   97.452    3.51   2   1    -1.00    -0.08    0.025    59.37
141  -65.879   95.987    3.54   2   1    -0.97    -0.23    0.025    59.37
142  -65.421   94.577    3.56   2   1    -0.92    -0.38    0.025    59.37
143  -64.748   93.256    3.59   2   1    -0.85    -0.52    0.025    59.37
144  -63.877   92.057    3.61   2   1    -0.76    -0.65    0.025    59.37
145  -62.828   91.008    3.64   2   1    -0.65    -0.76    0.025    59.37
146  -61.629   90.137    3.66   2   1    -0.52    -0.85    0.025    59.37
147  -60.308   89.464    3.69   2   1    -0.38    -0.92    0.025    59.37
148  -58.898   89.005    3.71   2   1    -0.23    -0.97    0.025    59.37
149  -57.433   88.774    3.74   2   1    -0.08    -1.00    0.025    59.37
150  -55.950   88.774    3.76   2   1     0.08    -1.00    0.025    59.37
151  -54.486   89.005    3.79   2   1     0.23    -0.97    0.025    59.37
152  -53.076   89.464    3.81   2   1     0.38    -0.92    0.025    59.37
153  -51.755   90.137    3.84   2   1     0.52    -0.85    0.025    59.37
154  -50.555   91.008    3.86   2   1     0.65    -0.76    0.025    59.37
155  -49.507   92.057    3.89   2   1     0.76    -0.65    0.025    59.37
156  -48.636   93.256    3.91   2   1     0.85    -0.52    0.025    59.37
157  -47.962   94.577    3.94   2   1     0.92    -0.38    0.025    59.37
158  -47.504   95.987    3.96   2   1     0.97    -0.23    0.025    59.37
159  -47.272   97.452    3.99   2   1     1.00    -0.08    0.025    59.37
160  -75.618  -48.355    4.01   2   1     1.00     0.08    0.025    59.37
161  -75.850  -46.891    4.04   2   1     0.97     0.23    0.025    59.37
162  -76.308  -45.481    4.06   2   1     0.92     0.38    0.025    59.37
163  -76.981  -44.160    4.09   2   1     0.85     0.52    0.025    59.37
164  -77.853  -42.960    4.11   2   1     0.76     0.65    0.025    59.37
165  -78.901  -41.912    4.14   2   1     0.65     0.76    0.025    59.37
166  -80.101  -41.040    4.16   2   1     0.52     0.85    0.025    59.37
167  -81.422  -40.367    4.19   2   1     0.38     0.92    0.025    59.37
168  -82.832  -39.909    4.21   2   1     0.23     0.97    0.025    59.37
169  -84.296  -39.677    4.24   2   1     0.08     1.00    0.025    59.37
170  -85.779  -39.677    4.26   2   1    -0.08     1.00    0.025    59.37
171  -87.243  -39.909    4.29   2   1    -0.23     0.97    0.025    59.37
172  -88.654  -40.367    4.31   2   1    -0.38     0.92    0.025    59.37
173  -89.975  -41.040    4.34   2   1    -0.52     0.85    0.025    59.37
174  -91.174  -41.912    4.36   2   1    -0.65     0.76    0.025    59.37
175  -92.222  -42.960    4.39   2   1    -0.76     0.65    0.025    59.37
176  -93.094  -44.160    4.41   2   1    -0.85     0.52    0.025    59.37
177  -93.767  -45.481    4.44   2   1    -0.92     0.38    0.025    59.37
178  -94.225  -46.891    4.46   2   1    -0.97     0.23    0.025    59.37
179  -94.457  -48.355    4.49   2   1    -1.00     0.08    0.025    59.37
180  -94.457  -49.838    4.51   2   1    -1.00    -0.08    0.025    59.37
181  -94.225  -51.302    4.54   2   1    -0.97    -0.23    0.025    59.37
182  -93.767  -52.712    4.56   2   1    -0.92    -0.38    0.025    59.37
183  -93.094  -54.033    4.59   2   1    -0.85    -0.52    0.025    59.37
184  -92.222  -55.233    4.61   2   1    -0.76    -0.65    0.025    59.37
185  -91.174  -56.281    4.64   2   1    -0.65    -0.76    0.025    59.37
186  -89.975  -57.153    4.66   2   1    -0.52    -0.85    0.025    59.37
187  -88.654  -57.826    4.69   2   1    -0.38    -0.92    0.025    59.37
188  -87.243  -58.284    4.71   2   1    -0.23    -0.97    0.025    59.37
189  -85.779  -58.516    4.74   2   1    -0.08    -1.00    0.025    59.37
190  -84.296  -58.516    4.76   2   1     0.08    -1.00    0.025    59.37
191  -82.832  -58.284    4.79   2   1     0.23    -0.97    0.025    59.37
192  -81.422  -57.826    4.81   2   1     0.38    -0.92    0.025    59.37
193  -80.101  -57.153    4.84   2   1     0.52    -0.85    0.025    59.37
194  -78.901  -56.281    4.86   2   1     0.65    -0.76    0.025    59.37
195  -77.853  -55.233    4.89   2   1     0.76    -0.65    0.025    59.37
196  -76.981  -54.033    4.91   2   1     0.85    -0.52    0.025    59.37
197  -76.308  -52.712    4.94   2   1     0.92    -0.38    0.025    59.37
198  -75.850  -51.302    4.96   2   1     0.97    -0.23    0.025    59.37
199  -75.618  -49.838    4.99   2   1     1.00    -0.08    0.025    59.37
200  -47.272    0.741    5.01   2   1     1.00     0.08    0.025    59.37
201  -47.504    2.206    5.04   2   1     0.97     0.23    0.025    59.37
202  -47.962    3.616    5.06   2   1     0.92     0.38    0.025    59.37
203  -48.636    4.937    5.09   2   1     0.85     0.52    0.025    59.37
204  -49.507    6.136    5.11   2   1     0.76     0.65    0.025    59.37
205  -50.555    7.185    5.14   2   1     0.65     0.76    0.025    59.37
206  -51.755    8.056    5.16   2   1     0.52     0.85    0.025    59.37
207  -53.076    8.729    5.19   2   1     0.38     0.92    0.025    59.37
208  -54.486    9.188    5.21   2   1     0.23     0.97    0.025    59.37
209  -55.950    9.420    5.24   2   1     0.08     1.00    0.025    59.37
210  -57.433    9.420    5.26   2   1    -0.08     1.00    0.025    59.37
211  -58.898    9.188    5.29   2   1    -0.23     0.97    0.025    59.37
212  -60.308    8.729    5.31   2   1    -0.38     0.92    0.025    59.37
213  -61.629    8.056    5.34   2   1    -0.52     0.85    0.025    59.37
214  -62.828    7.185    5.36   2   1    -0.65     0.76    0.025    59.37
215  -63.877    6.136    5.39   2   1    -0.76     0.65    0.025    59.37
216  -64.748    4.937    5.41   2   1    -0.85     0.52    0.025    59.37
217  -65.421    3.616    5.44   2   1    -0.92     0.38    0.025    59.37
218  -65.879    2.206    5.46   2   1    -0.97     0.23    0.025    59.37
219  -66.111    0.741    5.49   2   1    -1.00     0.08    0.025    59.37
220  -66.111   -0.741    5.51   2   1    -1.00    -0.08    0.025    59.37
221  -65.879   -2.206    5.54   2   1    -0.97    -0.23    0.025    59.37
222  -65.421   -3.616    5.56   2   1    -0.92    -0.38    0.025    59.37
223  -64.748   -4.937    5.59   2   1    -0.85    -0.52    0.025    59.37
224  -63.877   -6.136    5.61   2   1    -0.76    -0.65    0.025    59.37
225  -62.828   -7.185    5.64   2   1    -0.65    -0.76    0.025    59.37
226  -61.629   -8.056    5.66   2   1    -0.52    -0.85    0.025    59.37
227  -60.308   -8.729    5.69   2   1    -0.38    -0.92    0.025    59.37
228  -58.898   -9.188    5.71   2   1    -0.23    -0.97    0.025    59.37
229  -57.433   -9.420    5.74   2   1    -0.08    -1.00    0.025    59.37
230  -55.950   -9.420    5.76   2   1     0.08    -1.00    0.025    59.37
231  -54.486   -9.188    5.79   2   1     0.23    -0.97    0.025    59.37
232  -53.076   -8.729    5.81   2   1     0.38    -0.92    0.025    59.37
233  -51.755   -8.056    5.84   2   1     0.52    -0.85    0.025    59.37
234  -50.555   -7.185    5.86   2   1     0.65    -0.76    0.025    59.37
235  -49.507   -6.136    5.89   2   1     0.76    -0.65    0.025    59.37
236  -48.636   -4.937    5.91   2   1     0.85    -0.52    0.025    59.37
237  -47.962   -3.616    5.94   2   1     0.92    -0.38    0.025    59.37
238  -47.504   -2.206    5.96   2   1     0.97    -0.23    0.025    59.37
239  -47.272   -0.741    5.99   2   1     1.00    -0.08    0.025    59.37
240  -18.926   49.838    6.01   2   1     1.00     0.08    0.025    59.37
241  -19.158   51.302    6.04   2   1     0.97     0.23    0.025    59.37
242  -19.616   52.712    6.06   2   1     0.92     0.38    0.025    59.37
243  -20.290   54.033    6.09   2   1     0.85     0.52    0.025    59.37
244  -21.161   55.233    6.11   2   1     0.76     0.65    0.025    59.37
245  -22.209   56.281    6.14   2   1     0.65     0.76    0.025    59.37
246  -23.409   57.153    6.16   2   1     0.52     0.85    0.025    59.37
247  -24.730   57.826    6.19   2   1     0.38     0.92    0.025    59.37
248  -26.140   58.284    6.21   2   1     0.23     0.97    0.025    59.37
249  -27.605   58.516    6.24   2   1     0.08     1.00    0.025    59.37
250  -29.087   58.516    6.26   2   1    -0.08     1.00    0.025    59.37
251  -30.552   58.284    6.29   2   1    -0.23     0.97    0.025    59.37
252  -31.962   57.826    6.31   2   1    -0.38     0.92    0.025    59.37
253  -33.283   57.153    6.34   2   1    -0.52     0.85    0.025    59.37
254  -34.482   56.281    6.36   2   1    -0.65     0.76    0.025    59.37
255  -35.531   55.233    6.39   2   1    -0.76     0.65    0.025    59.37
256  -36.402   54.033    6.41   2   1    -0.85     0.52    0.025    59.37
257  -37.075   52.712    6.44   2   1    -0.92     0.38    0.025    59.37
258  -37.533   51.302    6.46   2   1    -0.97     0.23    0.025    59.37
259  -37.765   49.838    6.49   2   1    -1.00     0.08    0.025    59.37
260  -37.765   48.355    6.51   2   1    -1.00    -0.08    0.025    59.37
261  -37.533   46.891    6.54   2   1    -0.97    -0.23    0.025    59.37
262  -37.075   45.481    6.56   2   1    -0.92    -0.38    0.025    59.37
263  -36.402   44.160    6.59   2   1    -0.85    -0.52    0.025    59.37
264  -35.531   42.960    6.61   2   1    -0.76    -0.65    0.025    59.37
265  -34.482   41.912    6.64   2   1    -0.65    -0.76    0.025    59.37
266  -33.283   41.040    6.66   2   1    -0.52    -0.85    0.025    59.37
267  -31.962   40.367    6.69   2   1    -0.38    -0.92    0.025    59.37
268  -30.552   39.909    6.71   2   1    -0.23    -0.97    0.025    59.37
269  -29.087   39.677    6.74   2   1    -0.08    -1.00    0.025    59.37
270  -27.605   39.677    6.76   2   1     0.08    -1.00    0.025    59.37
271  -26.140   39.909    6.79   2   1     0.23    -0.97    0.025    59.37
272  -24.730   40.367    6.81   2   1     0.38    -0.92    0.025    59.37
273  -23.409   41.040    6.84   2   1     0.52    -0.85    0.025    59.37
274  -22.209   41.912    6.86   2   1     0.65    -0.76    0.025    59.37
275  -21.161   42.960    6.89   2   1     0.76    -0.65    0.025    59.37
276  -20.290   44.160    6.91   2   1     0.85    -0.52    0.025    59.37
277  -19.616   45.481    6.94   2   1     0.92    -0.38    0.025    59.37
278  -19.158   46.891    6.96   2   1     0.97    -0.23    0.025    59.37
279  -18.926   48.355    6.99   2   1     1.00    -0.08    0.025    59.37
280    9.420   98.934    7.01   2   1     1.00     0.08    0.025    59.37
281    9.188  100.399    7.04   2   1     0.97     0.23    0.025    59.37
282    8.729  101.809    7.06   2   1     0.92     0.38    0.025    59.37
283    8.056  103.130    7.09   2   1     0.85     0.52    0.025    59.37
284    7.185  104.329    7.11   2   1     0.76     0.65    0.025    59.37
285    6.136  105.378    7.14   2   1     0.65     0.76    0.025    59.37
286    4.937  106.249    7.16   2   1     0.52     0.85    0.025    59.37
287    3.616  106.922    7.19   2   1     0.38     0.92    0.025    59.37
288    2.206  107.381    7.21   2   1     0.23     0.97    0.025    59.37
289    0.741  107.613    7.24   2   1     0.08     1.00    0.025    59.37
290   -0.741  107.613    7.26   2   1    -0.08     1.00    0.025    59.37
291   -2.206  107.381    7.29   2   1    -0.23     0.97    0.025    59.37
292   -3.616  106.922    7.31   2   1    -0.38     0.92    0.025    59.37
293   -4.937  106.249    7.34   2   1    -0.52     0.85    0.025    59.37
294   -6.136  105.378    7.36   2   1    -0.65     0.76    0.025    59.37
295   -7.185  104.329    7.39   2   1    -0.76     0.65    0.025    59.37
296   -8.056  103.130    7.41   2   1    -0.85     0.52    0.025    59.37
297   -8.729  101.809    7.44   2   1    -0.92     0.38    0.025    59.37
298   -9.188  100.399    7.46   2   1    -0.97     0.23    0.025    59.37
299   -9.420   98.934    7.49   2   1    -1.00     0.08    0.025    59.37
300   -9.420   97.452    7.51   2   1    -1.00    -0.08    0.025    59.37
301   -9.188   95.987    7.54   2   1    -0.97    -0.23    0.025    59.37
302   -8.729   94.577    7.56   2   1    -0.92    -0.38    0.025    59.37
303   -8.056   93.256    7.59   2   1    -0.85    -0.52    0.025    59.37
304   -7.185   92.057    7.61   2   1    -0.76    -0.65    0.025    59.37
305   -6.136   91.008    7.64   2   1    -0.65    -0.76    0.025    59.37
306   -4.937   90.137    7.66   2   1    -0.52    -0.85    0.025    59.37
307   -3.616   89.464    7.69   2   1    -0.38    -0.92    0.025    59.37
308   -2.206   89.005    7.71   2   1    -0.23    -0.97    0.025    59.37
309   -0.741   88.774    7.74   2   1    -0.08    -1.00    0.025    59.37
310    0.741   88.774    7.76   2   1     0.08    -1.00    0.025    59.37
311    2.206   89.005    7.79   2   1     0.23    -0.97    0.025    59.37
312    3.616   89.464    7.81   2   1     0.38    -0.92    0.025    59.37
313    4.937   90.137    7.84   2   1     0.52    -0.85    0.025    59.37
314    6.136   91.008    7.86   2   1     0.65    -0.76    0.025    59.37
315    7.185   92.057    7.89   2   1     0.76    -0.65    0.025    59.37
316    8.056   93.256    7.91   2   1     0.85    -0.52    0.025    59.37
317    8.729   94.577    7.94   2   1     0.92    -0.38    0.025    59.37
318    9.188   95.987    7.96   2   1     0.97    -0.23    0.025    59.37
319    9.420   97.452    7.99   2   1     1.00    -0.08    0.025    59.37
320  -47.272  -97.452    8.01   2   1     1.00     0.08    0.025    59.37
321  -47.504  -95.987    8.04   2   1     0.97     0.23    0.025    59.37
322  -47.962  -94.577    8.06   2   1     0.92     0.38    0.025    59.37
323  -48.636  -93.256    8.09   2   1     0.85     0.52    0.025    59.37
324  -49.507  -92.057    8.11   2   1     0.76     0.65    0.025    59.37
325  -50.555  -91.008    8.14   2   1     0.65     0.76    0.025    59.37
326  -51.755  -90.137    8.16   2   1     0.52     0.85    0.025    59.37
327  -53.076  -89.464    8.19   2   1     0.38     0.92    0.025    59.37
328  -54.486  -89.005    8.21   2   1     0.23     0.97    0.025    59.37
329  -55.950  -88.774    8.24   2   1     0.08     1.00    0.025    59.37
330  -57.433  -88.774    8.26   2   1    -0.08     1.00    0.025    59.37
331  -58.898  -89.005    8.29   2   1    -0.23     0.97    0.025    59.37
332  -60.308  -89.464    8.31   2   1    -0.38     0.92    0.025    59.37
333  -61.629  -90.137    8.34   2   1    -0.52     0.85    0.025    59.37
334  -62.828  -91.008    8.36   2   1    -0.65     0.76    0.025    59.37
335  -63.877  -92.057    8.39   2   1    -0.76     0.65    0.025    59.37
336  -64.748  -93.256    8.41   2   1    -0.85     0.52    0.025    59.37
337  -65.421  -94.577    8.44   2   1    -0.92     0.38    0.025    59.37
338  -65.879  -95.987    8.46   2   1    -0.97     0.23    0.025    59.37
339  -66.111  -97.452    8.49   2   1    -1.00     0.08    0.025    59.37
340  -66.111  -98.934    8.51   2   1    -1.00    -0.08    0.025    59.37
341  -65.879 -100.399    8.54   2   1    -0.97    -0.23    0.025    59.37
342  -65.421 -101.809    8.56   2   1    -0.92    -0.38    0.025    59.37
343  -64.748 -103.130    8.59   2   1    -0.85    -0.52    0.025    59.37
344  -63.877 -104.329    8.61   2   1    -0.76    -0.65    0.025    59.37
345  -62.828 -105.378    8.64   2   1    -0.65    -0.76    0.025    59.37
346  -61.629 -106.249    8.66   2   1    -0.52    -0.85    0.025    59.37
347  -60.308 -106.922    8.69   2   1    -0.38    -0.92    0.025    59.37
348  -58.898 -107.381    8.71   2   1    -0.23    -0.97    0.025    59.37
349  -57.433 -107.613    8.74   2   1    -0.08    -1.00    0.025    59.37
350  -55.950 -107.613    8.76   2   1     0.08    -1.00    0.025    59.37
351  -54.486 -107.381    8.79   2   1     0.23    -0.97    0.025    59.37
352  -53.076 -106.922    8.81   2   1     0.38    -0.92    0.025    59.37
353  -51.755 -106.249    8.84   2   1     0.52    -0.85    0.025    59.37
354  -50.555 -105.378    8.86   2   1     0.65    -0.76    0.025    59.37
355  -49.507 -104.329    8.89   2   1     0.76    -0.65    0.025    59.37
356  -48.636 -103.130    8.91   2   1     0.85    -0.52    0.025    59.37
357  -47.962 -101.809    8.94   2   1     0.92    -0.38    0.025    59.37
358  -47.504 -100.399    8.96   2   1     0.97    -0.23    0.025    59.37
359  -47.272  -98.934    8.99   2   1     1.00    -0.08    0.025    59.37
360  -18.926  -48.355    9.01   2   1     1.00     0.08    0.025    59.37
361  -19.158  -46.891    9.04   2   1     0.97     0.23    0.025    59.37
362  -19.616  -45.481    9.06   2   1     0.92     0.38    0.025    59.37
363  -20.290  -44.160    9.09   2   1     0.85     0.52    0.025    59.37
364  -21.161  -42.960    9.11   2   1     0.76     0.65    0.025    59.37
365  -22.209  -41.912    9.14   2   1     0.65     0.76    0.025    59.37
366  -23.409  -41.040    9.16   2   1     0.52     0.85    0.025    59.37
367  -24.730  -40.367    9.19   2   1     0.38     0.92    0.025    59.37
368  -26.140  -39.909    9.21   2   1     0.23     0.97    0.025    59.37
369  -27.605  -39.677    9.24   2   1     0.08     1.00    0.025    59.37
370  -29.087  -39.677    9.26   2   1    -0.08     1.00    0.025    59.37
371  -30.552  -39.909    9.29   2   1    -0.23     0.97    0.025    59.37
372  -31.962  -40.367    9.31   2   1    -0.38     0.92    0.025    59.37
373  -33.283  -41.040    9.34   2   1    -0.52     0.85    0.025    59.37
374  -34.482  -41.912    9.36   2   1    -0.65     0.76    0.025    59.37
375  -35.531  -42.960    9.39   2   1    -0.76     0.65    0.025    59.37
376  -36.402  -44.160    9.41   2   1    -0.85     0.52    0.025    59.37
377  -37.075  -45.481    9.44   2   1    -0.92     0.38    0.025    59.37
378  -37.533  -46.891    9.46   2   1    -0.97     0.23    0.025    59.37
379  -37.765  -48.355    9.49   2   1    -1.00     0.08    0.025    59.37
380  -37.765  -49.838    9.51   2   1    -1.00    -0.08    0.025    59.37
381  -37.533  -51.302    9.54   2   1    -0.97    -0.23    0.025    59.37
382  -37.075  -52.712    9.56   2   1    -0.92    -0.38    0.025    59.37
383  -36.402  -54.033    9.59   2   1    -0.85    -0.52    0.025    59.37
384  -35.531  -55.233    9.61   2   1    -0.76    -0.65    0.025    59.37
385  -34.482  -56.281    9.64   2   1    -0.65    -0.76    0.025    59.37
386  -33.283  -57.153    9.66   2   1    -0.52    -0.85    0.025    59.37
387  -31.962  -57.826    9.69   2   1    -0.38    -0.92    0.025    59.37
388  -30.552  -58.284    9.71   2   1    -0.23    -0.97    0.025    59.37
389  -29.087  -58.516    9.74   2   1    -0.08    -1.00    0.025    59.37
390  -27.605  -58.516    9.76   2   1     0.08    -1.00    0.025    59.37
391  -26.140  -58.284    9.79   2   1     0.23    -0.97    0.025    59.37
392  -24.730  -57.826    9.81   2   1     0.38    -0.92    0.025    59.37
393  -23.409  -57.153    9.84   2   1     0.52    -0.85    0.025    59.37
394  -22.209  -56.281    9.86   2   1     0.65    -0.76    0.025    59.37
395  -21.161  -55.233    9.89   2   1     0.76    -0.65    0.025    59.37
396  -20.290  -54.033    9.91   2   1     0.85    -0.52    0.025    59.37
397  -19.616  -52.712    9.94   2   1     0.92    -0.38    0.025    59.37
398  -19.158  -51.302    9.96   2   1     0.97    -0.23    0.025    59.37
399  -18.926  -49.838    9.99   2   1     1.00    -0.08    0.025    59.37
400   37.765   49.838   10.01   2   1     1.00     0.08    0.025    59.37
401   37.533   51.302   10.04   2   1     0.97     0.23    0.025    59.37
402   37.075   52.712   10.06   2   1     0.92     0.38    0.025    59.37
403   36.402   54.033   10.09   2   1     0.85     0.52    0.025    59.37
404   35.531   55.233   10.11   2   1     0.76     0.65    0.025    59.37
405   34.482   56.281   10.14   2   1     0.65     0.76    0.025    59.37
406   33.283   57.153   10.16   2   1     0.52     0.85    0.025    59.37
407   31.962   57.826   10.19   2   1     0.38     0.92    0.025    59.37
408   30.552   58.284   10.21   2   1     0.23     0.97    0.025    59.37
409   29.087   58.516   10.24   2   1     0.08     1.00    0.025    59.37
410   27.605   58.516   10.26   2   1    -0.08     1.00    0.025    59.37
411   26.140   58.284   10.29   2   1    -0.23     0.97    0.025    59.37
412   24.730   57.826   10.31   2   1    -0.38     0.92    0.025    59.37
413   23.409   57.153   10.34   2   1    -0.52     0.85    0.025    59.37
414   22.209   56.281   10.36   2   1    -0.65     0.76    0.025    59.37
415   21.161   55.233   10.39   2   1    -0.76     0.65    0.025    59.37
416   20.290   54.033   10.41   2   1    -0.85     0.52    0.025    59.37
417   19.616   52.712   10.44   2   1    -0.92     0.38    0.025    59.37
418   19.158   51.302   10.46   2   1    -0.97     0.23    0.025    59.37
419   18.926   49.838   10.49   2   1    -1.00     0.08    0.025    59.37
420   18.926   48.355   10.51   2   1    -1.00    -0.08    0.025    59.37
421   19.158   46.891   10.54   2   1    -0.97    -0.23    0.025    59.37
422   19.616   45.481   10.56   2   1    -0.92    -0.38    0.025    59.37
423   20.290   44.160   10.59   2   1    -0.85    -0.52    0.025    59.37
424   21.161   42.960   10.61   2   1    -0.76    -0.65    0.025    59.37
425   22.209   41.912   10.64   2   1    -0.65    -0.76    0.025    59.37
426   23.409   41.040   10.66   2   1    -0.52    -0.85    0.025    59.37
427   24.730   40.367   10.69   2   1    -0.38    -0.92    0.025    59.37
428   26.140   39.909   10.71   2   1    -0.23    -0.97    0.025    59.37
429   27.605   39.677   10.74   2   1    -0.08    -1.00    0.025    59.37
430   29.087   39.677   10.76   2   1     0.08    -1.00    0.025    59.37
431   30.552   39.909   10.79   2   1     0.23    -0.97    0.025    59.37
432   31.962   40.367   10.81   2   1     0.38    -0.92    0.025    59.37
433   33.283   41.040   10.84   2   1     0.52    -0.85    0.025    59.37
434   34.482   41.912   10.86   2   1     0.65    -0.76    0.025    59.37
435   35.531   42.960   10.89   2   1     0.76    -0.65    0.025    59.37
436   36.402   44.160   10.91   2   1     0.85    -0.52    0.025    59.37
437   37.075   45.481   10.94   2   1     0.92    -0.38    0.025    59.37
438   37.533   46.891   10.96   2   1     0.97    -0.23    0.025    59.37
439   37.765   48.355   10.99   2   1     1.00    -0.08    0.025    59.37
440   66.111   98.934   11.01   2   1     1.00     0.08    0.025    59.37
441   65.879  100.399   11.04   2   1     0.97     0.23    0.025    59.37
442   65.421  101.809   11.06   2   1     0.92     0.38    0.025    59.37
443   64.748  103.130   11.09   2   1     0.85     0.52    0.025    59.37
444   63.877  104.329   11.11   2   1     0.76     0.65    0.025    59.37
445   62.828  105.378   11.14   2   1     0.65     0.76    0.025    59.37
446   61.629  106.249   11.16   2   1     0.52     0.85    0.025    59.37
447   60.308  106.922   11.19   2   1     0.38     0.92    0.025    59.37
448   58.898  107.381   11.21   2   1     0.23     0.97    0.025    59.37
449   57.433  107.613   11.24   2   1     0.08     1.00    0.025    59.37
450   55.950  107.613   11.26   2   1    -0.08     1.00    0.025    59.37
451   54.486  107.381   11.29   2   1    -0.23     0.97    0.025    59.37
452   53.076  106.922   11.31   2   1    -0.38     0.92    0.025    59.37
453   51.755  106.249   11.34   2   1    -0.52     0.85    0.025    59.37
454   50.555  105.378   11.36   2   1    -0.65     0.76    0.025    59.37
455   49.507  104.329   11.39   2   1    -0.76     0.65    0.025    59.37
456   48.636  103.130   11.41   2   1    -0.85     0.52    0.025    59.37
457   47.962  101.809   11.44   2   1    -0.92     0.38    0.025    59.37
458   47.504  100.399   11.46   2   1    -0.97     0.23    0.025    59.37
459   47.272   98.934   11.49   2   1    -1.00     0.08    0.025    59.37
460   47.272   97.452   11.51   2   1    -1.00    -0.08    0.025    59.37
461   47.504   95.987   11.54   2   1    -0.97    -0.23    0.025    59.37
462   47.962   94.577   11.56   2   1    -0.92    -0.38    0.025    59.37
463   48.636   93.256   11.59   2   1    -0.85    -0.52    0.025    59.37
464   49.507   92.057   11.61   2   1    -0.76    -0.65    0.025    59.37
465   50.555   91.008   11.64   2   1    -0.65    -0.76    0.025    59.37
466   51.755   90.137   11.66   2   1    -0.52    -0.85    0.025    59.37
467   53.076   89.464   11.69   2   1    -0.38    -0.92    0.025    59.37
468   54.486   89.005   11.71   2   1    -0.23    -0.97    0.025    59.37
469   55.950   88.774   11.74   2   1    -0.08    -1.00    0.025    59.37
470   57.433   88.774   11.76   2   1     0.08    -1.00    0.025    59.37
471   58.898   89.005   11.79   2   1     0.23    -0.97    0.025    59.37
472   60.308   89.464   11.81   2   1     0.38    -0.92    0.025    59.37
473   61.629   90.137   11.84   2   1     0.52    -0.85    0.025    59.37
474   62.828   91.008   11.86   2   1     0.65    -0.76    0.025    59.37
475   63.877   92.057   11.89   2   1     0.76    -0.65    0.025    59.37
476   64.748   93.256   11.91   2   1     0.85    -0.52    0.025    59.37
477   65.421   94.577   11.94   2   1     0.92    -0.38    0.025    59.37
478   65.879   95.987   11.96   2   1     0.97    -0.23    0.025    59.37
479   66.111   97.452   11.99   2   1     1.00    -0.08    0.025    59.37
480    9.420  -97.452   12.01   2   1     1.00     0.08    0.025    59.37
481    9.188  -95.987   12.04   2   1     0.97     0.23    0.025    59.37
482    8.729  -94.577   12.06   2   1     0.92     0.38    0.025    59.37
483    8.056  -93.256   12.09   2   1     0.85     0.52    0.025    59.37
484    7.185  -92.057   12.11   2   1     0.76     0.65    0.025    59.37
485    6.136  -91.008   12.14   2   1     0.65     0.76    0.025    59.37
486    4.937  -90.137   12.16   2   1     0.52     0.85    0.025    59.37
487    3.616  -89.464   12.19   2   1     0.38     0.92    0.025    59.37
488    2.206  -89.005   12.21   2   1     0.23     0.97    0.025    59.37
489    0.741  -88.774   12.24   2   1     0.08     1.00    0.025    59.37
490   -0.741  -88.774   12.26   2   1    -0.08     1.00    0.025    59.37
491   -2.206  -89.005   12.29   2   1    -0.23     0.97    0.025    59.37
492   -3.616  -89.464   12.31   2   1    -0.38     0.92    0.025    59.37
493   -4.937  -90.137   12.34   2   1    -0.52     0.85    0.025    59.37
494   -6.136  -91.008   12.36   2   1    -0.65     0.76    0.025    59.37
495   -7.185  -92.057   12.39   2   1    -0.76     0.65    0.025    59.37
496   -8.056  -93.256   12.41   2   1    -0.85     0.52    0.025    59.37
497   -8.729  -94.577   12.44   2   1    -0.92     0.38    0.025    59.37
498   -9.188  -95.987   12.46   2   1    -0.97     0.23    0.025    59.37
499   -9.420  -97.452   12.49   2   1    -1.00     0.08    0.025    59.37
500   -9.420  -98.934   12.51   2   1    -1.00    -0.08    0.025    59.37
501   -9.188 -100.399   12.54   2   1    -0.97    -0.23    0.025    59.37
502   -8.729 -101.809   12.56   2   1    -0.92    -0.38    0.025    59.37
503   -8.056 -103.130   12.59   2   1    -0.85    -0.52    0.025    59.37
504   -7.185 -104.329   12.61   2   1    -0.76    -0.65    0.025    59.37
505   -6.136 -105.378   12.64   2   1    -0.65    -0.76    0.025    59.37
506   -4.937 -106.249   12.66   2   1    -0.52    -0.85    0.025    59.37
507   -3.616 -106.922   12.69   2   1    -0.38    -0.92    0.025    59.37
508   -2.206 -107.381   12.71   2   1    -0.23    -0.97    0.025    59.37
509   -0.741 -107.613   12.74   2   1    -0.08    -1.00    0.025    59.37
510    0.741 -107.613   12.76   2   1     0.08    -1.00    0.025    59.37
511    2.206 -107.381   12.79   2   1     0.23    -0.97    0.025    59.37
512    3.616 -106.922   12.81   2   1     0.38    -0.92    0.025    59.37
513    4.937 -106.249   12.84   2   1     0.52    -0.85    0.025    59.37
514    6.136 -105.378   12.86   2   1     0.65    -0.76    0.025    59.37
515    7.185 -104.329   12.89   2   1     0.76    -0.65    0.025    59.37
516    8.056 -103.130   12.91   2   1     0.85    -0.52    0.025    59.37
517    8.729 -101.809   12.94   2   1     0.92    -0.38    0.025    59.37
518    9.188 -100.399   12.96   2   1     0.97    -0.23    0.025    59.37
519    9.420  -98.934   12.99   2   1     1.00    -0.08    0.025    59.37
520   37.765  -48.355   13.01   2   1     1.00     0.08    0.025    59.37
521   37.533  -46.891   13.04   2   1     0.97     0.23    0.025    59.37
522   37.075  -45.481   13.06   2   1     0.92     0.38    0.025    59.37
523   36.402  -44.160   13.09   2   1     0.85     0.52    0.025    59.37
524   35.531  -42.960   13.11   2   1     0.76     0.65    0.025    59.37
525   34.482  -41.912   13.14   2   1     0.65     0.76    0.025    59.37
526   33.283  -41.040   13.16   2   1     0.52     0.85    0.025    59.37
527   31.962  -40.367   13.19   2   1     0.38     0.92    0.025    59.37
528   30.552  -39.909   13.21   2   1     0.23     0.97    0.025    59.37
529   29.087  -39.677   13.24   2   1     0.08     1.00    0.025    59.37
530   27.605  -39.677   13.26   2   1    -0.08     1.00    0.025    59.37
531   26.140  -39.909   13.29   2   1    -0.23     0.97    0.025    59.37
532   24.730  -40.367   13.31   2   1    -0.38     0.92    0.025    59.37
533   23.409  -41.040   13.34   2   1    -0.52     0.85    0.025    59.37
534   22.209  -41.912   13.36   2   1    -0.65     0.76    0.025    59.37
535   21.161  -42.960   13.39   2   1    -0.76     0.65    0.025    59.37
536   20.290  -44.160   13.41   2   1    -0.85     0.52    0.025    59.37
537   19.616  -45.481   13.44   2   1    -0.92     0.38    0.025    59.37
538   19.158  -46.891   13.46   2   1    -0.97     0.23    0.025    59.37
539   18.926  -48.355   13.49   2   1    -1.00     0.08    0.025    59.37
540   18.926  -49.838   13.51   2   1    -1.00    -0.08    0.025    59.37
541   19.158  -51.302   13.54   2   1    -0.97    -0.23    0.025    59.37
542   19.616  -52.712   13.56   2   1    -0.92    -0.38    0.025    59.37
543   20.290  -54.033   13.59   2   1    -0.85    -0.52    0.025    59.37
544   21.161  -55.233   13.61   2   1    -0.76    -0.65    0.025    59.37
545   22.209  -56.281   13.64   2   1    -0.65    -0.76    0.025    59.37
546   23.409  -57.153   13.66   2   1    -0.52    -0.85    0.025    59.37
547   24.730  -57.826   13.69   2   1    -0.38    -0.92    0.025    59.37
548   26.140  -58.284   13.71   2   1    -0.23    -0.97    0.025    59.37
549   27.605  -58.516   13.74   2   1    -0.08    -1.00    0.025    59.37
550   29.087  -58.516   13.76   2   1     0.08    -1.00    0.025    59.37
551   30.552  -58.284   13.79   2   1     0.23    -0.97    0.025    59.37
552   31.962  -57.826   13.81   2   1     0.38    -0.92    0.025    59.37
553   33.283  -57.153   13.84   2   1     0.52    -0.85    0.025    59.37
554   34.482  -56.281   13.86   2   1     0.65    -0.76    0.025    59.37
555   35.531  -55.233   13.89   2   1     0.76    -0.65    0.025    59.37
556   36.402  -54.033   13.91   2   1     0.85    -0.52    0.025    59.37
557   37.075  -52.712   13.94   2   1     0.92    -0.38    0.025    59.37
558   37.533  -51.302   13.96   2   1     0.97    -0.23    0.025    59.37
559   37.765  -49.838   13.99   2   1     1.00    -0.08    0.025    59.37
560   66.111    0.741   14.01   2   1     1.00     0.08    0.025    59.37
561   65.879    2.206   14.04   2   1     0.97     0.23    0.025    59.37
562   65.421    3.616   14.06   2   1     0.92     0.38    0.025    59.37
563   64.748    4.937   14.09   2   1     0.85     0.52    0.025    59.37
564   63.877    6.136   14.11   2   1     0.76     0.65    0.025    59.37
565   62.828    7.185   14.14   2   1     0.65     0.76    0.025    59.37
566   61.629    8.056   14.16   2   1     0.52     0.85    0.025    59.37
567   60.308    8.729   14.19   2   1     0.38     0.92    0.025    59.37
568   58.898    9.188   14.21   2   1     0.23     0.97    0.025    59.37
569   57.433    9.420   14.24   2   1     0.08     1.00    0.025    59.37
570   55.950    9.420   14.26   2   1    -0.08     1.00    0.025    59.37
571   54.486    9.188   14.29   2   1    -0.23     0.97    0.025    59.37
572   53.076    8.729   14.31   2   1    -0.38     0.92    0.025    59.37
573   51.755    8.056   14.34   2   1    -0.52     0.85    0.025    59.37
574   50.555    7.185   14.36   2   1    -0.65     0.76    0.025    59.37
575   49.507    6.136   14.39   2   1    -0.76     0.65    0.025    59.37
576   48.636    4.937   14.41   2   1    -0.85     0.52    0.025    59.37
577   47.962    3.616   14.44   2   1    -0.92     0.38    0.025    59.37
578   47.504    2.206   14.46   2   1    -0.97     0.23    0.025    59.37
579   47.272    0.741   14.49   2   1    -1.00     0.08    0.025    59.37
580   47.272   -0.741   14.51   2   1    -1.00    -0.08    0.025    59.37
581   47.504   -2.206   14.54   2   1    -0.97    -0.23    0.025    59.37
582   47.962   -3.616   14.56   2   1    -0.92    -0.38    0.025    59.37
583   48.636   -4.937   14.59   2   1    -0.85    -0.52    0.025    59.37
584   49.507   -6.136   14.61   2   1    -0.76    -0.65    0.025    59.37
585   50.555   -7.185   14.64   2   1    -0.65    -0.76    0.025    59.37
586   51.755   -8.056   14.66   2   1    -0.52    -0.85    0.025    59.37
587   53.076   -8.729   14.69   2   1    -0.38    -0.92    0.025    59.37
588   54.486   -9.188   14.71   2   1    -0.23    -0.97    0.025    59.37
589   55.950   -9.420   14.74   2   1    -0.08    -1.00    0.025    59.37
590   57.433   -9.420   14.76   2   1     0.08    -1.00    0.025    59.37
591   58.898   -9.188   14.79   2   1     0.23    -0.97    0.025    59.37
592   60.308   -8.729   14.81   2   1     0.38    -0.92    0.025    59.37
593   61.629   -8.056   14.84   2   1     0.52    -0.85    0.025    59.37
594   62.828   -7.185   14.86   2   1     0.65    -0.76    0.025    59.37
595   63.877   -6.136   14.89   2   1     0.76    -0.65    0.025    59.37
596   64.748   -4.937   14.91   2   1     0.85    -0.52    0.025    59.37
597   65.421   -3.616   14.94   2   1     0.92    -0.38    0.025    59.37
598   65.879   -2.206   14.96   2   1     0.97    -0.23    0.025    59.37
599   66.111   -0.741   14.99   2   1     1.00    -0.08    0.025    59.37
600   94.457   49.838   15.01   2   1     1.00     0.08    0.025    59.37
601   94.225   51.302   15.04   2   1     0.97     0.23    0.025    59.37
602   93.767   52.712   15.06   2   1     0.92     0.38    0.025    59.37
603   93.094   54.033   15.09   2   1     0.85     0.52    0.025    59.37
604   92.222   55.233   15.11   2   1     0.76     0.65    0.025    59.37
605   91.174   56.281   15.14   2   1     0.65     0.76    0.025    59.37
606   89.975   57.153   15.16   2   1     0.52     0.85    0.025    59.37
607   88.654   57.826   15.19   2   1     0.38     0.92    0.025    59.37
608   87.243   58.284   15.21   2   1     0.23     0.97    0.025    59.37
609   85.779   58.516   15.24   2   1     0.08     1.00    0.025    59.37
610   84.296   58.516   15.26   2   1    -0.08     1.00    0.025    59.37
611   82.832   58.284   15.29   2   1    -0.23     0.97    0.025    59.37
612   81.422   57.826   15.31   2   1    -0.38     0.92    0.025    59.37
613   80.101   57.153   15.34   2   1    -0.52     0.85    0.025    59.37
614   78.901   56.281   15.36   2   1    -0.65     0.76    0.025    59.37
615   77.853   55.233   15.39   2   1    -0.76     0.65    0.025    59.37
616   76.981   54.033   15.41   2   1    -0.85     0.52    0.025    59.37
617   76.308   52.712   15.44   2   1    -0.92     0.38    0.025    59.37
618   75.850   51.302   15.46   2   1    -0.97     0.23    0.025    59.37
619   75.618   49.838   15.49   2   1    -1.00     0.08    0.025    59.37
620   75.618   48.355   15.51   2   1    -1.00    -0.08    0.025    59.37
621   75.850   46.891   15.54   2   1    -0.97    -0.23    0.025    59.37
622   76.308   45.481   15.56   2   1    -0.92    -0.38    0.025    59.37
623   76.981   44.160   15.59   2   1    -0.85    -0.52    0.025    59.37
624   77.853   42.960   15.61   2   1    -0.76    -0.65    0.025    59.37
625   78.901   41.912   15.64   2   1    -0.65    -0.76    0.025    59.37
626   80.101   41.040   15.66   2   1    -0.52    -0.85    0.025    59.37
627   81.422   40.367   15.69   2   1    -0.38    -0.92    0.025    59.37
628   82.832   39.909   15.71   2   1    -0.23    -0.97    0.025    59.37
629   84.296   39.677   15.74   2   1    -0.08    -1.00    0.025    59.37
630   85.779   39.677   15.76   2   1     0.08    -1.00    0.025    59.37
631   87.243   39.909   15.79   2   1     0.23    -0.97    0.025    59.37
632   88.654   40.367   15.81   2   1     0.38    -0.92    0.025    59.37
633   89.975   41.040   15.84   2   1     0.52    -0.85    0.025    59.37
634   91.174   41.912   15.86   2   1     0.65    -0.76    0.025    59.37
635   92.222   42.960   15.89   2   1     0.76    -0.65    0.025    59.37
636   93.094   44.160   15.91   2   1     0.85    -0.52    0.025    59.37
637   93.767   45.481   15.94   2   1     0.92    -0.38    0.025    59.37
638   94.225   46.891   15.96   2   1     0.97    -0.23    0.025    59.37
639   94.457   48.355   15.99   2   1     1.00    -0.08    0.025    59.37
640   66.111  -97.452   16.01   2   1     1.00     0.08    0.025    59.37
641   65.879  -95.987   16.04   2   1     0.97     0.23    0.025    59.37
642   65.421  -94.577   16.06   2   1     0.92     0.38    0.025    59.37
643   64.748  -93.256   16.09   2   1     0.85     0.52    0.025    59.37
644   63.877  -92.057   16.11   2   1     0.76     0.65    0.025    59.37
645   62.828  -91.008   16.14   2   1     0.65     0.76    0.025    59.37
646   61.629  -90.137   16.16   2   1     0.52     0.85    0.025    59.37
647   60.308  -89.464   16.19   2   1     0.38     0.92    0.025    59.37
648   58.898  -89.005   16.21   2   1     0.23     0.97    0.025    59.37
649   57.433  -88.774   16.24   2   1     0.08     1.00    0.025    59.37
650   55.950  -88.774   16.26   2   1    -0.08     1.00    0.025    59.37
651   54.486  -89.005   16.29   2   1    -0.23     0.97    0.025    59.37
652   53.076  -89.464   16.31   2   1    -0.38     0.92    0.025    59.37
653   51.755  -90.137   16.34   2   1    -0.52     0.85    0.025    59.37
654   50.555  -91.008   16.36   2   1    -0.65     0.76    0.025    59.37
655   49.507  -92.057   16.39   2   1    -0.76     0.65    0.025    59.37
656   48.636  -93.256   16.41   2   1    -0.85     0.52    0.025    59.37
657   47.962  -94.577   16.44   2   1    -0.92     0.38    0.025    59.37
658   47.504  -95.987   16.46   2   1    -0.97     0.23    0.025    59.37
659   47.272  -97.452   16.49   2   1    -1.00     0.08    0.025    59.37
660   47.272  -98.934   16.51   2   1    -1.00    -0.08    0.025    59.37
661   47.504 -100.399   16.54   2   1    -0.97    -0.23    0.025    59.37
662   47.962 -101.809   16.56   2   1    -0.92    -0.38    0.025    59.37
663   48.636 -103.130   16.59   2   1    -0.85    -0.52    0.025    59.37
664   49.507 -104.329   16.61   2   1    -0.76    -0.65    0.025    59.37
665   50.555 -105.378   16.64   2   1    -0.65    -0.76    0.025    59.37
666   51.755 -106.249   16.66   2   1    -0.52    -0.85    0.025    59.37
667   53.076 -106.922   16.69   2   1    -0.38    -0.92    0.025    59.37
668   54.486 -107.381   16.71   2   1    -0.23    -0.97    0.025    59.37
669   55.950 -107.613   16.74   2   1    -0.08    -1.00    0.025    59.37
670   57.433 -107.613   16.76   2   1     0.08    -1.00    0.025    59.37
671   58.898 -107.381   16.79   2   1     0.23    -0.97    0.025    59.37
672   60.308 -106.922   16.81   2   1     0.38    -0.92    0.025    59.37
673   61.629 -106.249   16.84   2   1     0.52    -0.85    0.025    59.37
674   62.828 -105.378   16.86   2   1     0.65    -0.76    0.025    59.37
675   63.877 -104.329   16.89   2   1     0.76    -0.65    0.025    59.37
676   64.748 -103.130   16.91   2   1     0.85    -0.52    0.025    59.37
677   65.421 -101.809   16.94   2   1     0.92    -0.38    0.025    59.37
678   65.879 -100.399   16.96   2   1     0.97    -0.23    0.025    59.37
679   66.111  -98.934   16.99   2   1     1.00    -0.08    0.025    59.37
680   94.457  -48.355   17.01   2   1     1.00     0.08    0.025    59.37
681   94.225  -46.891   17.04   2   1     0.97     0.23    0.025    59.37
682   93.767  -45.481   17.06   2   1     0.92     0.38    0.025    59.37
683   93.094  -44.160   17.09   2   1     0.85     0.52    0.025    59.37
684   92.222  -42.960   17.11   2   1     0.76     0.65    0.025    59.37
685   91.174  -41.912   17.14   2   1     0.65     0.76    0.025    59.37
686   89.975  -41.040   17.16   2   1     0.52     0.85    0.025    59.37
687   88.654  -40.367   17.19   2   1     0.38     0.92    0.025    59.37
688   87.243  -39.909   17.21   2   1     0.23     0.97    0.025    59.37
689   85.779  -39.677   17.24   2   1     0.08     1.00    0.025    59.37
690   84.296  -39.677   17.26   2   1    -0.08     1.00    0.025    59.37
691   82.832  -39.909   17.29   2   1    -0.23     0.97    0.025    59.37
692   81.422  -40.367   17.31   2   1    -0.38     0.92    0.025    59.37
693   80.101  -41.040   17.34   2   1    -0.52     0.85    0.025    59.37
694   78.901  -41.912   17.36   2   1    -0.65     0.76    0.025    59.37
695   77.853  -42.960   17.39   2   1    -0.76     0.65    0.025    59.37
696   76.981  -44.160   17.41   2   1    -0.85     0.52    0.025    59.37
697   76.308  -45.481   17.44   2   1    -0.92     0.38    0.025    59.37
698   75.850  -46.891   17.46   2   1    -0.97     0.23    0.025    59.37
699   75.618  -48.355   17.49   2   1    -1.00     0.08    0.025    59.37
700   75.618  -49.838   17.51   2   1    -1.00    -0.08    0.025    59.37
701   75.850  -51.302   17.54   2   1    -0.97    -0.23    0.025    59.37
702   76.308  -52.712   17.56   2   1    -0.92    -0.38    0.025    59.37
703   76.981  -54.033   17.59   2   1    -0.85    -0.52    0.025    59.37
704   77.853  -55.233   17.61   2   1    -0.76    -0.65    0.025    59.37
705   78.901  -56.281   17.64   2   1    -0.65    -0.76    0.025    59.37
706   80.101  -57.153   17.66   2   1    -0.52    -0.85    0.025    59.37
707   81.422  -57.826   17.69   2   1    -0.38    -0.92    0.025    59.37
708   82.832  -58.284   17.71   2   1    -0.23    -0.97    0.025    59.37
709   84.296  -58.516   17.74   2   1    -0.08    -1.00    0.025    59.37
710   85.779  -58.516   17.76   2   1     0.08    -1.00    0.025    59.37
711   87.243  -58.284   17.79   2   1     0.23    -0.97    0.025    59.37
712   88.654  -57.826   17.81   2   1     0.38    -0.92    0.025    59.37
713   89.975  -57.153   17.84   2   1     0.52    -0.85    0.025    59.37
714   91.174  -56.281   17.86   2   1     0.65    -0.76    0.025    59.37
715   92.222  -55.233   17.89   2   1     0.76    -0.65    0.025    59.37
716   93.094  -54.033   17.91   2   1     0.85    -0.52    0.025    59.37
717   93.767  -52.712   17.94   2   1     0.92    -0.38    0.025    59.37
718   94.225  -51.302   17.96   2   1     0.97    -0.23    0.025    59.37
719   94.457  -49.838   17.99   2   1     1.00    -0.08    0.025    59.37
720  122.803    0.741   18.01   2   1     1.00     0.08    0.025    59.37
721  122.571    2.206   18.04   2   1     0.97     0.23    0.025    59.37
722  122.113    3.616   18.06   2   1     0.92     0.38    0.025    59.37
723  121.440    4.937   18.09   2   1     0.85     0.52    0.025    59.37
724  120.568    6.136   18.11   2   1     0.76     0.65    0.025    59.37
725  119.520    7.185   18.14   2   1     0.65     0.76    0.025    59.37
726  118.320    8.056   18.16   2   1     0.52     0.85    0.025    59.37
727  116.999    8.729   18.19   2   1     0.38     0.92    0.025    59.37
728  115.589    9.188   18.21   2   1     0.23     0.97    0.025    59.37
729  114.125    9.420   18.24   2   1     0.08     1.00    0.025    59.37
730  112.642    9.420   18.26   2   1    -0.08     1.00    0.025    59.37
731  111.178    9.188   18.29   2   1    -0.23     0.97    0.025    59.37
732  109.768    8.729   18.31   2   1    -0.38     0.92    0.025    59.37
733  108.447    8.056   18.34   2   1    -0.52     0.85    0.025    59.37
734  107.247    7.185   18.36   2   1    -0.65     0.76    0.025    59.37
735  106.199    6.136   18.39   2   1    -0.76     0.65    0.025    59.37
736  105.327    4.937   18.41   2   1    -0.85     0.52    0.025    59.37
737  104.654    3.616   18.44   2   1    -0.92     0.38    0.025    59.37
738  104.196    2.206   18.46   2   1    -0.97     0.23    0.025    59.37
739  103.964    0.741   18.49   2   1    -1.00     0.08    0.025    59.37
740  103.964   -0.741   18.51   2   1    -1.00    -0.08    0.025    59.37
741  104.196   -2.206   18.54   2   1    -0.97    -0.23    0.025    59.37
742  104.654   -3.616   18.56   2   1    -0.92    -0.38    0.025    59.37
743  105.327   -4.937   18.59   2   1    -0.85    -0.52    0.025    59.37
744  106.199   -6.136   18.61   2   1    -0.76    -0.65    0.025    59.37
745  107.247   -7.185   18.64   2   1    -0.65    -0.76    0.025    59.37
746  108.447   -8.056   18.66   2   1    -0.52    -0.85    0.025    59.37
747  109.768   -8.729   18.69   2   1    -0.38    -0.92    0.025    59.37
748  111.178   -9.188   18.71   2   1    -0.23    -0.97    0.025    59.37
749  112.642   -9.420   18.74   2   1    -0.08    -1.00    0.025    59.37
750  114.125   -9.420   18.76   2   1     0.08    -1.00    0.025    59.37
751  115.589   -9.188   18.79   2   1     0.23    -0.97    0.025    59.37
752  116.999   -8.729   18.81   2   1     0.38    -0.92    0.025    59.37
753  118.320   -8.056   18.84   2   1     0.52    -0.85    0.025    59.37
754  119.520   -7.185   18.86   2   1     0.65    -0.76    0.025    59.37
755  120.568   -6.136   18.89   2   1     0.76    -0.65    0.025    59.37
756  121.440   -4.937   18.91   2   1     0.85    -0.52    0.025    59.37
757  122.113   -3.616   18.94   2   1     0.92    -0.38    0.025    59.37
758  122.571   -2.206   18.96   2   1     0.97    -0.23    0.025    59.37
759  122.803   -0.741   18.99   2   1     1.00    -0.08    0.025    59.37
