# i       xs       ys     ths  m1  m2      nxs      nys     coef       ns
  0   13.202    0.831    0.01   2   1     1.00     0.06    0.020    83.11
  1   12.994    2.479    0.03   2   1     0.98     0.19    0.020    83.11
  2   12.581    4.088    0.05   2   1     0.95     0.31    0.020    83.11
  3   11.969    5.632    0.07   2   1     0.90     0.43    0.020    83.11
  4   11.169    7.088    0.09   2   1     0.84     0.54    0.020    83.11
  5   10.192    8.432    0.11   2   1     0.77     0.64    0.020    83.11
  6    9.055    9.643    0.13   2   1     0.68     0.73    0.020    83.11
  7    7.775   10.702    0.15   2   1     0.59     0.81    0.020    83.11
  8    6.373   11.592    0.17   2   1     0.48     0.88    0.020    83.11
  9    4.870   12.299    0.19   2   1     0.37     0.93    0.020    83.11
 10    3.290   12.812    0.21   2   1     0.25     0.97    0.020    83.11
 11    1.658   13.124    0.23   2   1     0.13     0.99    0.020    83.11
 12    0.000   13.228    0.25   2   1     0.00     1.00    0.020    83.11
 13   -1.658   13.124    0.27   2   1    -0.13     0.99    0.020    83.11
 14   -3.290   12.812    0.29   2   1    -0.25     0.97    0.020    83.11
 15   -4.870   12.299    0.31   2   1    -0.37     0.93    0.020    83.11
 16   -6.373   11.592    0.33   2   1    -0.48     0.88    0.020    83.11
 17   -7.775   10.702    0.35   2   1    -0.59     0.81    0.020    83.11
 18   -9.055    9.643    0.37   2   1    -0.68     0.73    0.020    83.11
 19  -10.192    8.432    0.39   2   1    -0.77     0.64    0.020    83.11
 20  -11.169    7.088    0.41   2   1    -0.84     0.54    0.020    83.11
 21  -11.969    5.632    0.43   2   1    -0.90     0.43    0.020    83.11
 22  -12.581    4.088    0.45   2   1    -0.95     0.31    0.020    83.11
 23  -12.994    2.479    0.47   2   1    -0.98     0.19    0.020    83.11
 24  -13.202    0.831    0.49   2   1    -1.00     0.06    0.020    83.11
 25  -13.202   -0.831    0.51   2   1    -1.00    -0.06    0.020    83.11
 26  -12.994   -2.479    0.53   2   1    -0.98    -0.19    0.020    83.11
 27  -12.581   -4.088    0.55   2   1    -0.95    -0.31    0.020    83.11
 28  -11.969   -5.632    0.57   2   1    -0.90    -0.43    0.020    83.11
 29  -11.169   -7.088    0.59   2   1    -0.84    -0.54    0.020    83.11
 30  -10.192   -8.432    0.61   2   1    -0.77    -0.64    0.020    83.11
 31   -9.055   -9.643    0.63   2   1    -0.68    -0.73    0.020    83.11
 32   -7.775  -10.702    0.65   2   1    -0.59    -0.81    0.020    83.11
 33   -6.373  -11.592    0.67   2   1    -0.48    -0.88    0.020    83.11
 34   -4.870  -12.299    0.69   2   1    -0.37    -0.93    0.020    83.11
 35   -3.290  -12.812    0.71   2   1    -0.25    -0.97    0.020    83.11
 36   -1.658  -13.124    0.73   2   1    -0.13    -0.99    0.020    83.11
 37   -0.000  -13.228    0.75   2   1    -0.00    -1.00    0.020    83.11
 38    1.658  -13.124    0.77   2   1     0.13    -0.99    0.020    83.11
 39    3.290  -12.812    0.79   2   1     0.25    -0.97    0.020    83.11
 40    4.870  -12.299    0.81   2   1     0.37    -0.93    0.020    83.11
 41    6.373  -11.592    0.83   2   1     0.48    -0.88    0.020    83.11
 42    7.775  -10.702    0.85   2   1     0.59    -0.81    0.020    83.11
 43    9.055   -9.643    0.87   2   1     0.68    -0.73    0.020    83.11
 44   10.192   -8.432    0.89   2   1     0.77    -0.64    0.020    83.11
 45   11.169   -7.088    0.91   2   1     0.84    -0.54    0.020    83.11
 46   11.969   -5.632    0.93   2   1     0.90    -0.43    0.020    83.11
 47   12.581   -4.088    0.95   2   1     0.95    -0.31    0.020    83.11
 48   12.994   -2.479    0.97   2   1     0.98    -0.19    0.020    83.11
 49   13.202   -0.831    0.99   2   1     1.00    -0.06    0.020    83.11
 50 -100.182  -55.861    1.01   2   1     1.00     0.06    0.020    83.11
 51 -100.390  -54.213    1.03   2   1     0.98     0.19    0.020    83.11
 52 -100.803  -52.604    1.05   2   1     0.95     0.31    0.020    83.11
 53 -101.414  -51.060    1.07   2   1     0.90     0.43    0.020    83.11
 54 -102.215  -49.604    1.09   2   1     0.84     0.54    0.020    83.11
 55 -103.191  -48.260    1.11   2   1     0.77     0.64    0.020    83.11
 56 -104.328  -47.049    1.13   2   1     0.68     0.73    0.020    83.11
 57 -105.608  -45.990    1.15   2   1     0.59     0.81    0.020    83.11
 58 -107.011  -45.100    1.17   2   1     0.48     0.88    0.020    83.11
 59 -108.514  -44.393    1.19   2   1     0.37     0.93    0.020    83.11
 60 -110.094  -43.879    1.21   2   1     0.25     0.97    0.020    83.11
 61 -111.726  -43.568    1.23   2   1     0.13     0.99    0.020    83.11
 62 -113.384  -43.464    1.25   2   1     0.00     1.00    0.020    83.11
 63 -115.041  -43.568    1.27   2   1    -0.13     0.99    0.020    83.11
 64 -116.673  -43.879    1.29   2   1    -0.25     0.97    0.020    83.11
 65 -118.253  -44.393    1.31   2   1    -0.37     0.93    0.020    83.11
 66 -119.756  -45.100    1.33   2   1    -0.48     0.88    0.020    83.11
 67 -121.159  -45.990    1.35   2   1    -0.59     0.81    0.020    83.11
 68 -122.439  -47.049    1.37   2   1    -0.68     0.73    0.020    83.11
 69 -123.576  -48.260    1.39   2   1    -0.77     0.64    0.020    83.11
 70 -124.552  -49.604    1.41   2   1    -0.84     0.54    0.020    83.11
 71 -125.353  -51.060    1.43   2   1    -0.90     0.43    0.020    83.11
 72 -125.964  -52.604    1.45   2   1    -0.95     0.31    0.020    83.11
 73 -126.377  -54.213    1.47   2   1    -0.98     0.19    0.020    83.11
 74 -126.586  -55.861    1.49   2   1    -1.00     0.06    0.020    83.11
 75 -126.586  -57.522    1.51   2   1    -1.00    -0.06    0.020    83.11
 76 -126.377  -59.170    1.53   2   1    -0.98    -0.19    0.020    83.11
 77 -125.964  -60.779    1.55   2   1    -0.95    -0.31    0.020    83.11
 78 -125.353  -62.324    1.57   2   1    -0.90    -0.43    0.020    83.11
 79 -124.552  -63.780    1.59   2   1    -0.84    -0.54    0.020    83.11
 80 -123.576  -65.124    1.61   2   1    -0.77    -0.64    0.020    83.11
 81 -122.439  -66.335    1.63   2   1    -0.68    -0.73    0.020    83.11
 82 -121.159  -67.394    1.65   2   1    -0.59    -0.81    0.020    83.11
 83 -119.756  -68.284    1.67   2   1    -0.48    -0.88    0.020    83.11
 84 -118.253  -68.991    1.69   2   1    -0.37    -0.93    0.020    83.11
 85 -116.673  -69.504    1.71   2   1    -0.25    -0.97    0.020    83.11
 86 -115.041  -69.816    1.73   2   1    -0.13    -0.99    0.020    83.11
 87 -113.384  -69.920    1.75   2   1    -0.00    -1.00    0.020    83.11
 88 -111.726  -69.816    1.77   2   1     0.13    -0.99    0.020    83.11
 89 -110.094  -69.504    1.79   2   1     0.25    -0.97    0.020    83.11
 90 -108.514  -68.991    1.81   2   1     0.37    -0.93    0.020    83.11
 91 -107.011  -68.284    1.83   2   1     0.48    -0.88    0.020    83.11
 92 -105.608  -67.394    1.85   2   1     0.59    -0.81    0.020    83.11
 93 -104.328  -66.335    1.87   2   1     0.68    -0.73    0.020    83.11
 94 -103.191  -65.124    1.89   2   1     0.77    -0.64    0.020    83.11
 95 -102.215  -63.780    1.91   2   1     0.84    -0.54    0.020    83.11
 96 -101.414  -62.324    1.93   2   1     0.90    -0.43    0.020    83.11
 97 -100.803  -60.779    1.95   2   1     0.95    -0.31    0.020    83.11
 98 -100.390  -59.170    1.97   2   1     0.98    -0.19    0.020    83.11
 99 -100.182  -57.522    1.99   2   1     1.00    -0.06    0.020    83.11
100 -100.182    0.831    2.01   2   1     1.00     0.06    0.020    83.11
101 -100.390    2.479    2.03   2   1     0.98     0.19    0.020    83.11
102 -100.803    4.088    2.05   2   1     0.95     0.31    0.020    83.11
103 -101.414    5.632    2.07   2   1     0.90     0.43    0.020    83.11
104 -102.215    7.088    2.09   2   1     0.84     0.54    0.020    83.11
105 -103.191    8.432    2.11   2   1     0.77     0.64    0.020    83.11
106 -104.328    9.643    2.13   2   1     0.68     0.73    0.020    83.11
107 -105.608   10.702    2.15   2   1     0.59     0.81    0.020    83.11
108 -107.011   11.592    2.17   2   1     0.48     0.88    0.020    83.11
109 -108.514   12.299    2.19   2   1     0.37     0.93    0.020    83.11
110 -110.094   12.812    2.21   2   1     0.25     0.97    0.020    83.11
111 -111.726   13.124    2.23   2   1     0.13     0.99    0.020    83.11
112 -113.384   13.228    2.25   2   1     0.00     1.00    0.020    83.11
113 -115.041   13.124    2.27   2   1    -0.13     0.99    0.020    83.11
114 -116.673   12.812    2.29   2   1    -0.25     0.97    0.020    83.11
115 -118.253   12.299    2.31   2   1    -0.37     0.93    0.020    83.11
116 -119.756   11.592    2.33   2   1    -0.48     0.88    0.020    83.11
117 -121.159   10.702    2.35   2   1    -0.59     0.81    0.020    83.11
118 -122.439    9.643    2.37   2   1    -0.68     0.73    0.020    83.11
119 -123.576    8.432    2.39   2   1    -0.77     0.64    0.020    83.11
120 -124.552    7.088    2.41   2   1    -0.84     0.54    0.020    83.11
121 -125.353    5.632    2.43   2   1    -0.90     0.43    0.020    83.11
122 -125.964    4.088    2.45   2   1    -0.95     0.31    0.020    83.11
123 -126.377    2.479    2.47   2   1    -0.98     0.19    0.020    83.11
124 -126.586    0.831    2.49   2   1    -1.00     0.06    0.020    83.11
125 -126.586   -0.831    2.51   2   1    -1.00    -0.06    0.020    83.11
126 -126.377   -2.479    2.53   2   1    -0.98    -0.19    0.020    83.11
127 -125.964   -4.088    2.55   2   1    -0.95    -0.31    0.020    83.11
128 -125.353   -5.632    2.57   2   1    -0.90    -0.43    0.020    83.11
129 -124.552   -7.088    2.59   2   1    -0.84    -0.54    0.020    83.11
130 -123.576   -8.432    2.61   2   1    -0.77    -0.64    0.020    83.11
131 -122.439   -9.643    2.63   2   1    -0.68    -0.73    0.020    83.11
132 -121.159  -10.702    2.65   2   1    -0.59    -0.81    0.020    83.11
133 -119.756  -11.592    2.67   2   1    -0.48    -0.88    0.020    83.11
134 -118.253  -12.299    2.69   2   1    -0.37    -0.93    0.020    83.11
135 -116.673  -12.812    2.71   2   1    -0.25    -0.97    0.020    83.11
136 -115.041  -13.124    2.73   2   1    -0.13    -0.99    0.020    83.11
137 -113.384  -13.228    2.75   2   1    -0.00    -1.00    0.020    83.11
138 -111.726  -13.124    2.77   2   1     0.13    -0.99    0.020    83.11
139 -110.094  -12.812    2.79   2   1     0.25    -0.97    0.020    83.11
140 -108.514  -12.299    2.81   2   1     0.37    -0.93    0.020    83.11
141 -107.011  -11.592    2.83   2   1     0.48    -0.88    0.020    83.11
142 -105.608  -10.702    2.85   2   1     0.59    -0.81    0.020    83.11
143 -104.328   -9.643    2.87   2   1     0.68    -0.73    0.020    83.11
144 -103.191   -8.432    2.89   2   1     0.77    -0.64    0.020    83.11
145 -102.215   -7.088    2.91   2   1     0.84    -0.54    0.020    83.11
146 -101.414   -5.632    2.93   2   1     0.90    -0.43    0.020    83.11
147 -100.803   -4.088    2.95   2   1     0.95    -0.31    0.020    83.11
148 -100.390   -2.479    2.97   2   1     0.98    -0.19    0.020    83.11
149 -100.182   -0.831    2.99   2   1     1.00    -0.06    0.020    83.11
150 -100.182   57.522    3.01   2   1     1.00     0.06    0.020    83.11
151 -100.390   59.170    3.03   2   1     0.98     0.19    0.020    83.11
152 -100.803   60.779    3.05   2   1     0.95     0.31    0.020    83.11
153 -101.414   62.324    3.07   2   1     0.90     0.43    0.020    83.11
154 -102.215   63.780    3.09   2   1     0.84     0.54    0.020    83.11
155 -103.191   65.124    3.11   2   1     0.77     0.64    0.020    83.11
156 -104.328   66.335    3.13   2   1     0.68     0.73    0.020    83.11
157 -105.608   67.394    3.15   2   1     0.59     0.81    0.020    83.11
158 -107.011   68.284    3.17   2   1     0.48     0.88    0.020    83.11
159 -108.514   68.991    3.19   2   1     0.37     0.93    0.020    83.11
160 -110.094   69.504    3.21   2   1     0.25     0.97    0.020    83.11
161 -111.726   69.816    3.23   2   1     0.13     0.99    0.020    83.11
162 -113.384   69.920    3.25   2   1     0.00     1.00    0.020    83.11
163 -115.041   69.816    3.27   2   1    -0.13     0.99    0.020    83.11
164 -116.673   69.504    3.29   2   1    -0.25     0.97    0.020    83.11
165 -118.253   68.991    3.31   2   1    -0.37     0.93    0.020    83.11
166 -119.756   68.284    3.33   2   1    -0.48     0.88    0.020    83.11
167 -121.159   67.394    3.35   2   1    -0.59     0.81    0.020    83.11
168 -122.439   66.335    3.37   2   1    -0.68     0.73    0.020    83.11
169 -123.576   65.124    3.39   2   1    -0.77     0.64    0.020    83.11
170 -124.552   63.780    3.41   2   1    -0.84     0.54    0.020    83.11
171 -125.353   62.324    3.43   2   1    -0.90     0.43    0.020    83.11
172 -125.964   60.779    3.45   2   1    -0.95     0.31    0.020    83.11
173 -126.377   59.170    3.47   2   1    -0.98     0.19    0.020    83.11
174 -126.586   57.522    3.49   2   1    -1.00     0.06    0.020    83.11
175 -126.586   55.861    3.51   2   1    -1.00    -0.06    0.020    83.11
176 -126.377   54.213    3.53   2   1    -0.98    -0.19    0.020    83.11
177 -125.964   52.604    3.55   2   1    -0.95    -0.31    0.020    83.11
178 -125.353   51.060    3.57   2   1    -0.90    -0.43    0.020    83.11
179 -124.552   49.604    3.59   2   1    -0.84    -0.54    0.020    83.11
180 -123.576   48.260    3.61   2   1    -0.77    -0.64    0.020    83.11
181 -122.439   47.049    3.63   2   1    -0.68    -0.73    0.020    83.11
182 -121.159   45.990    3.65   2   1    -0.59    -0.81    0.020    83.11
183 -119.756   45.100    3.67   2   1    -0.48    -0.88    0.020    83.11
184 -118.253   44.393    3.69   2   1    -0.37    -0.93    0.020    83.11
185 -116.673   43.879    3.71   2   1    -0.25    -0.97    0.020    83.11
186 -115.041   43.568    3.73   2   1    -0.13    -0.99    0.020    83.11
187 -113.384   43.464    3.75   2   1    -0.00    -1.00    0.020    83.11
188 -111.726   43.568    3.77   2   1     0.13    -0.99    0.020    83.11
189 -110.094   43.879    3.79   2   1     0.25    -0.97    0.020    83.11
190 -108.514   44.393    3.81   2   1     0.37    -0.93    0.020    83.11
191 -107.011   45.100    3.83   2   1     0.48    -0.88    0.020    83.11
192 -105.608   45.990    3.85   2   1     0.59    -0.81    0.020    83.11
193 -104.328   47.049    3.87   2   1     0.68    -0.73    0.020    83.11
194 -103.191   48.260    3.89   2   1     0.77    -0.64    0.020    83.11
195 -102.215   49.604    3.91   2   1     0.84    -0.54    0.020    83.11
196 -101.414   51.060    3.93   2   1     0.90    -0.43    0.020    83.11
197 -100.803   52.604    3.95   2   1     0.95    -0.31    0.020    83.11
198 -100.390   54.213    3.97   2   1     0.98    -0.19    0.020    83.11
199 -100.182   55.861    3.99   2   1     1.00    -0.06    0.020    83.11
200  -43.490 -112.553    4.01   2   1     1.00     0.06    0.020    83.11
201  -43.698 -110.905    4.03   2   1     0.98     0.19    0.020    83.11
202  -44.111 -109.296    4.05   2   1     0.95     0.31    0.020    83.11
203  -44.723 -107.751    4.07   2   1     0.90     0.43    0.020    83.11
204  -45.523 -106.296    4.09   2   1     0.84     0.54    0.020    83.11
205  -46.499 -104.952    4.11   2   1     0.77     0.64    0.020    83.11
206  -47.637 -103.741    4.13   2   1     0.68     0.73    0.020    83.11
207  -48.917 -102.682    4.15   2   1     0.59     0.81    0.020    83.11
208  -50.319 -101.792    4.17   2   1     0.48     0.88    0.020    83.11
209  -51.822 -101.084    4.19   2   1     0.37     0.93    0.020    83.11
210  -53.402 -100.571    4.21   2   1     0.25     0.97    0.020    83.11
211  -55.034 -100.260    4.23   2   1     0.13     0.99    0.020    83.11
212  -56.692 -100.155    4.25   2   1     0.00     1.00    0.020    83.11
213  -58.350 -100.260    4.27   2   1    -0.13     0.99    0.020    83.11
214  -59.981 -100.571    4.29   2   1    -0.25     0.97    0.020    83.11
215  -61.561 -101.084    4.31   2   1    -0.37     0.93    0.020    83.11
216  -63.064 -101.792    4.33   2   1    -0.48     0.88    0.020    83.11
217  -64.467 -102.682    4.35   2   1    -0.59     0.81    0.020    83.11
218  -65.747 -103.741    4.37   2   1    -0.68     0.73    0.020    83.11
219  -66.884 -104.952    4.39   2   1    -0.77     0.64    0.020    83.11
220  -67.861 -106.296    4.41   2   1    -0.84     0.54    0.020    83.11
221  -68.661 -107.751    4.43   2   1    -0.90     0.43    0.020    83.11
222  -69.272 -109.296    4.45   2   1    -0.95     0.31    0.020    83.11
223  -69.686 -110.905    4.47   2   1    -0.98     0.19    0.020    83.11
224  -69.894 -112.553    4.49   2   1    -1.00     0.06    0.020    83.11
225  -69.894 -114.214    4.51   2   1    -1.00    -0.06    0.020    83.11
226  -69.686 -115.862    4.53   2   1    -0.98    -0.19    0.020    83.11
227  -69.272 -117.471    4.55   2   1    -0.95    -0.31    0.020    83.11
228  -68.661 -119.016    4.57   2   1    -0.90    -0.43    0.020    83.11
229  -67.861 -120.472    4.59   2   1    -0.84    -0.54    0.020    83.11
230  -66.884 -121.815    4.61   2   1    -0.77    -0.64    0.020    83.11
231  -65.747 -123.026    4.63   2   1    -0.68    -0.73    0.020    83.11
232  -64.467 -124.085    4.65   2   1    -0.59    -0.81    0.020    83.11
233  -63.064 -124.975    4.67   2   1    -0.48    -0.88    0.020    83.11
234  -61.561 -125.683    4.69   2   1    -0.37    -0.93    0.020    83.11
235  -59.981 -126.196    4.71   2   1    -0.25    -0.97    0.020    83.11
236  -58.350 -126.507    4.73   2   1    -0.13    -0.99    0.020    83.11
237  -56.692 -126.612    4.75   2   1    -0.00    -1.00    0.020    83.11
238  -55.034 -126.507    4.77   2   1     0.13    -0.99    0.020    83.11
239  -53.402 -126.196    4.79   2   1     0.25    -0.97    0.020    83.11
240  -51.822 -125.683    4.81   2   1     0.37    -0.93    0.020    83.11
241  -50.319 -124.975    4.83   2   1     0.48    -0.88    0.020    83.11
242  -48.917 -124.085    4.85   2   1     0.59    -0.81    0.020    83.11
243  -47.637 -123.026    4.87   2   1     0.68    -0.73    0.020    83.11
244  -46.499 -121.815    4.89   2   1     0.77    -0.64    0.020    83.11
245  -45.523 -120.472    4.91   2   1     0.84    -0.54    0.020    83.11
246  -44.723 -119.016    4.93   2   1     0.90    -0.43    0.020    83.11
247  -44.111 -117.471    4.95   2   1     0.95    -0.31    0.020    83.11
248  -43.698 -115.862    4.97   2   1     0.98    -0.19    0.020    83.11
249  -43.490 -114.214    4.99   2   1     1.00    -0.06    0.020    83.11
250  -43.490  -55.861    5.01   2   1     1.00     0.06    0.020    83.11
251  -43.698  -54.213    5.03   2   1     0.98     0.19    0.020    83.11
252  -44.111  -52.604    5.05   2   1     0.95     0.31    0.020    83.11
253  -44.723  -51.060    5.07   2   1     0.90     0.43    0.020    83.11
254  -45.523  -49.604    5.09   2   1     0.84     0.54    0.020    83.11
255  -46.499  -48.260    5.11   2   1     0.77     0.64    0.020    83.11
256  -47.637  -47.049    5.13   2   1     0.68     0.73    0.020    83.11
257  -48.917  -45.990    5.15   2   1     0.59     0.81    0.020    83.11
258  -50.319  -45.100    5.17   2   1     0.48     0.88    0.020    83.11
259  -51.822  -44.393    5.19   2   1     0.37     0.93    0.020    83.11
260  -53.402  -43.879    5.21   2   1     0.25     0.97    0.020    83.11
261  -55.034  -43.568    5.23   2   1     0.13     0.99    0.020    83.11
262  -56.692  -43.464    5.25   2   1     0.00     1.00    0.020    83.11
263  -58.350  -43.568    5.27   2   1    -0.13     0.99    0.020    83.11
264  -59.981  -43.879    5.29   2   1    -0.25     0.97    0.020    83.11
265  -61.561  -44.393    5.31   2   1    -0.37     0.93    0.020    83.11
266  -63.064  -45.100    5.33   2   1    -0.48     0.88    0.020    83.11
267  -64.467  -45.990    5.35   2   1    -0.59     0.81    0.020    83.11
268  -65.747  -47.049    5.37   2   1    -0.68     0.73    0.020    83.11
269  -66.884  -48.260    5.39   2   1    -0.77     0.64    0.020    83.11
270  -67.861  -49.604    5.41   2   1    -0.84     0.54    0.020    83.11
271  -68.661  -51.060    5.43   2   1    -0.90     0.43    0.020    83.11
272  -69.272  -52.604    5.45   2   1    -0.95     0.31    0.020    83.11
273  -69.686  -54.213    5.47   2   1    -0.98     0.19    0.020    83.11
274  -69.894  -55.861    5.49   2   1    -1.00     0.06    0.020    83.11
275  -69.894  -57.522    5.51   2   1    -1.00    -0.06    0.020    83.11
276  -69.686  -59.170    5.53   2   1    -0.98    -0.19    0.020    83.11
277  -69.272  -60.779    5.55   2   1    -0.95    -0.31    0.020    83.11
278  -68.661  -62.324    5.57   2   1    -0.90    -0.43    0.020    83.11
279  -67.861  -63.780    5.59   2   1    -0.84    -0.54    0.020    83.11
280  -66.884  -65.124    5.61   2   1    -0.77    -0.64    0.020    83.11
281  -65.747  -66.335    5.63   2   1    -0.68    -0.73    0.020    83.11
282  -64.467  -67.394    5.65   2   1    -0.59    -0.81    0.020    83.11
283  -63.064  -68.284    5.67   2   1    -0.48    -0.88    0.020    83.11
284  -61.561  -68.991    5.69   2   1    -0.37    -0.93    0.020    83.11
285  -59.981  -69.504    5.71   2   1    -0.25    -0.97    0.020    83.11
286  -58.350  -69.816    5.73   2   1    -0.13    -0.99    0.020    83.11
287  -56.692  -69.920    5.75   2   1    -0.00    -1.00    0.020    83.11
288  -55.034  -69.816    5.77   2   1     0.13    -0.99    0.020    83.11
289  -53.402  -69.504    5.79   2   1     0.25    -0.97    0.020    83.11
290  -51.822  -68.991    5.81   2   1     0.37    -0.93    0.020    83.11
291  -50.319  -68.284    5.83   2   1     0.48    -0.88    0.020    83.11
292  -48.917  -67.394    5.85   2   1     0.59    -0.81    0.020    83.11
293  -47.637  -66.335    5.87   2   1     0.68    -0.73    0.020    83.11
294  -46.499  -65.124    5.89   2   1     0.77    -0.64    0.020    83.11
295  -45.523  -63.780    5.91   2   1     0.84    -0.54    0.020    83.11
296  -44.723  -62.324    5.93   2   1     0.90    -0.43    0.020    83.11
297  -44.111  -60.779    5.95   2   1     0.95    -0.31    0.020    83.11
298  -43.698  -59.170    5.97   2   1     0.98    -0.19    0.020    83.11
299  -43.490  -57.522    5.99   2   1     1.00    -0.06    0.020    83.11
300  -43.490    0.831    6.01   2   1     1.00     0.06    0.020    83.11
301  -43.698    2.479    6.03   2   1     0.98     0.19    0.020    83.11
302  -44.111    4.088    6.05   2   1     0.95     0.31    0.020    83.11
303  -44.723    5.632    6.07   2   1     0.90     0.43    0.020    83.11
304  -45.523    7.088    6.09   2   1     0.84     0.54    0.020    83.11
305  -46.499    8.432    6.11   2   1     0.77     0.64    0.020    83.11
306  -47.637    9.643    6.13   2   1     0.68     0.73    0.020    83.11
307  -48.917   10.702    6.15   2   1     0.59     0.81    0.020    83.11
308  -50.319   11.592    6.17   2   1     0.48     0.88    0.020    83.11
309  -51.822   12.299    6.19   2   1     0.37     0.93    0.020    83.11
310  -53.402   12.812    6.21   2   1     0.25     0.97    0.020    83.11
311  -55.034   13.124    6.23   2   1     0.13     0.99    0.020    83.11
312  -56.692   13.228    6.25   2   1     0.00     1.00    0.020    83.11
313  -58.350   13.124    6.27   2   1    -0.13     0.99    0.020    83.11
314  -59.981   12.812    6.29   2   1    -0.25     0.97    0.020    83.11
315  -61.561   12.299    6.31   2   1    -0.37     0.93    0.020    83.11
316  -63.064   11.592    6.33   2   1    -0.48     0.88    0.020    83.11
317  -64.467   10.702    6.35   2   1    -0.59     0.81    0.020    83.11
318  -65.747    9.643    6.37   2   1    -0.68     0.73    0.020    83.11
319  -66.884    8.432    6.39   2   1    -0.77     0.64    0.020    83.11
320  -67.861    7.088    6.41   2   1    -0.84     0.54    0.020    83.11
321  -68.661    5.632    6.43   2   1    -0.90     0.43    0.020    83.11
322  -69.272    4.088    6.45   2   1    -0.95     0.31    0.020    83.11
323  -69.686    2.479    6.47   2   1    -0.98     0.19    0.020    83.11
324  -69.894    0.831    6.49   2   1    -1.00     0.06    0.020    83.11
325  -69.894   -0.831    6.51   2   1    -1.00    -0.06    0.020    83.11
326  -69.686   -2.479    6.53   2   1    -0.98    -0.19    0.020    83.11
327  -69.272   -4.088    6.55   2   1    -0.95    -0.31    0.020    83.11
328  -68.661   -5.632    6.57   2   1    -0.90    -0.43    0.020    83.11
329  -67.861   -7.088    6.59   2   1    -0.84    -0.54    0.020    83.11
330  -66.884   -8.432    6.61   2   1    -0.77    -0.64    0.020    83.11
331  -65.747   -9.643    6.63   2   1    -0.68    -0.73    0.020    83.11
332  -64.467  -10.702    6.65   2   1    -0.59    -0.81    0.020    83.11
333  -63.064  -11.592    6.67   2   1    -0.48    -0.88    0.020    83.11
334  -61.561  -12.299    6.69   2   1    -0.37    -0.93    0.020    83.11
335  -59.981  -12.812    6.71   2   1    -0.25    -0.97    0.020    83.11
336  -58.350  -13.124    6.73   2   1    -0.13    -0.99    0.020    83.11
337  -56.692  -13.228    6.75   2   1    -0.00    -1.00    0.020    83.11
338  -55.034  -13.124    6.77   2   1     0.13    -0.99    0.020    83.11
339  -53.402  -12.812    6.79   2   1     0.25    -0.97    0.020    83.11
340  -51.822  -12.299    6.81   2   1     0.37    -0.93    0.020    83.11
341  -50.319  -11.592    6.83   2   1     0.48    -0.88    0.020    83.11
342  -48.917  -10.702    6.85   2   1     0.59    -0.81    0.020    83.11
343  -47.637   -9.643    6.87   2   1     0.68    -0.73    0.020    83.11
344  -46.499   -8.432    6.89   2   1     0.77    -0.64    0.020    83.11
345  -45.523   -7.088    6.91   2   1     0.84    -0.54    0.020    83.11
346  -44.723   -5.632    6.93   2   1     0.90    -0.43    0.020    83.11
347  -44.111   -4.088    6.95   2   1     0.95    -0.31    0.020    83.11
348  -43.698   -2.479    6.97   2   1     0.98    -0.19    0.020    83.11
349  -43.490   -0.831    6.99   2   1     1.00    -0.06    0.020    83.11
350  -43.490   57.522    7.01   2   1     1.00     0.06    0.020    83.11
351  -43.698   59.170    7.03   2   1     0.98     0.19    0.020    83.11
352  -44.111   60.779    7.05   2   1     0.95     0.31    0.020    83.11
353  -44.723   62.324    7.07   2   1     0.90     0.43    0.020    83.11
354  -45.523   63.780    7.09   2   1     0.84     0.54    0.020    83.11
355  -46.499   65.124    7.11   2   1     0.77     0.64    0.020    83.11
356  -47.637   66.335    7.13   2   1     0.68     0.73    0.020    83.11
357  -48.917   67.394    7.15   2   1     0.59     0.81    0.020    83.11
358  -50.319   68.284    7.17   2   1     0.48     0.88    0.020    83.11
359  -51.822   68.991    7.19   2   1     0.37     0.93    0.020    83.11
360  -53.402   69.504    7.21   2   1     0.25     0.97    0.020    83.11
361  -55.034   69.816    7.23   2   1     0.13     0.99    0.020    83.11
362  -56.692   69.920    7.25   2   1     0.00     1.00    0.020    83.11
363  -58.350   69.816    7.27   2   1    -0.13     0.99    0.020    83.11
364  -59.981   69.504    7.29   2   1    -0.25     0.97    0.020    83.11
365  -61.561   68.991    7.31   2   1    -0.37     0.93    0.020    83.11
366  -63.064   68.284    7.33   2   1    -0.48     0.88    0.020    83.11
367  -64.467   67.394    7.35   2   1    -0.59     0.81    0.020    83.11
368  -65.747   66.335    7.37   2   1    -0.68     0.73    0.020    83.11
369  -66.884   65.124    7.39   2   1    -0.77     0.64    0.020    83.11
370  -67.861   63.780    7.41   2   1    -0.84     0.54    0.020    83.11
371  -68.661   62.324    7.43   2   1    -0.90     0.43    0.020    83.11
372  -69.272   60.779    7.45   2   1    -0.95     0.31    0.020    83.11
373  -69.686   59.170    7.47   2   1    -0.98     0.19    0.020    83.11
374  -69.894   57.522    7.49   2   1    -1.00     0.06    0.020    83.11
375  -69.894   55.861    7.51   2   1    -1.00    -0.06    0.020    83.11
376  -69.686   54.213    7.53   2   1    -0.98    -0.19    0.020    83.11
377  -69.272   52.604    7.55   2   1    -0.95    -0.31    0.020    83.11
378  -68.661   51.060    7.57   2   1    -0.90    -0.43    0.020    83.11
379  -67.861   49.604    7.59   2   1    -0.84    -0.54    0.020    83.11
380  -66.884   48.260    7.61   2   1    -0.77    -0.64    0.020    83.11
381  -65.747   47.049    7.63   2   1    -0.68    -0.73    0.020    83.11
382  -64.467   45.990    7.65   2   1    -0.59    -0.81    0.020    83.11
383  -63.064   45.100    7.67   2   1    -0.48    -0.88    0.020    83.11
384  -61.561   44.393    7.69   2   1    -0.37    -0.93    0.020    83.11
385  -59.981   43.879    7.71   2   1    -0.25    -0.97    0.020    83.11
386  -58.350   43.568    7.73   2   1    -0.13    -0.99    0.020    83.11
387  -56.692   43.464    7.75   2   1    -0.00    -1.00    0.020    83.11
388  -55.034   43.568    7.77   2   1     0.13    -0.99    0.020    83.11
389  -53.402   43.879    7.79   2   1     0.25    -0.97    0.020    83.11
390  -51.822   44.393    7.81   2   1     0.37    -0.93    0.020    83.11
391  -50.319   45.100    7.83   2   1     0.48    -0.88    0.020    83.11
392  -48.917   45.990    7.85   2   1     0.59    -0.81    0.020    83.11
393  -47.637   47.049    7.87   2   1     0.68    -0.73    0.020    83.11
394  -46.499   48.260    7.89   2   1     0.77    -0.64    0.020    83.11
395  -45.523   49.604    7.91   2   1     0.84    -0.54    0.020    83.11
396  -44.723   51.060    7.93   2   1     0.90    -0.43    0.020    83.11
397  -44.111   52.604    7.95   2   1     0.95    -0.31    0.020    83.11
398  -43.698   54.213    7.97   2   1     0.98    -0.19    0.020    83.11
399  -43.490   55.861    7.99   2   1     1.00    -0.06    0.020    83.11
400  -43.490  114.214    8.01   2   1     1.00     0.06    0.020    83.11
401  -43.698  115.862    8.03   2   1     0.98     0.19    0.020    83.11
402  -44.111  117.471    8.05   2   1     0.95     0.31    0.020    83.11
403  -44.723  119.016    8.07   2   1     0.90     0.43    0.020    83.11
404  -45.523  120.472    8.09   2   1     0.84     0.54    0.020    83.11
405  -46.499  121.815    8.11   2   1     0.77     0.64    0.020    83.11
406  -47.637  123.026    8.13   2   1     0.68     0.73    0.020    83.11
407  -48.917  124.085    8.15   2   1     0.59     0.81    0.020    83.11
408  -50.319  124.975    8.17   2   1     0.48     0.88    0.020    83.11
409  -51.822  125.683    8.19   2   1     0.37     0.93    0.020    83.11
410  -53.402  126.196    8.21   2   1     0.25     0.97    0.020    83.11
411  -55.034  126.507    8.23   2   1     0.13     0.99    0.020    83.11
412  -56.692  126.612    8.25   2   1     0.00     1.00    0.020    83.11
413  -58.350  126.507    8.27   2   1    -0.13     0.99    0.020    83.11
414  -59.981  126.196    8.29   2   1    -0.25     0.97    0.020    83.11
415  -61.561  125.683    8.31   2   1    -0.37     0.93    0.020    83.11
416  -63.064  124.975    8.33   2   1    -0.48     0.88    0.020    83.11
417  -64.467  124.085    8.35   2   1    -0.59     0.81    0.020    83.11
418  -65.747  123.026    8.37   2   1    -0.68     0.73    0.020    83.11
419  -66.884  121.815    8.39   2   1    -0.77     0.64    0.020    83.11
420  -67.861  120.472    8.41   2   1    -0.84     0.54    0.020    83.11
421  -68.661  119.016    8.43   2   1    -0.90     0.43    0.020    83.11
422  -69.272  117.471    8.45   2   1    -0.95     0.31    0.020    83.11
423  -69.686  115.862    8.47   2   1    -0.98     0.19    0.020    83.11
424  -69.894  114.214    8.49   2   1    -1.00     0.06    0.020    83.11
425  -69.894  112.553    8.51   2   1    -1.00    -0.06    0.020    83.11
426  -69.686  110.905    8.53   2   1    -0.98    -0.19    0.020    83.11
427  -69.272  109.296    8.55   2   1    -0.95    -0.31    0.020    83.11
428  -68.661  107.751    8.57   2   1    -0.90    -0.43    0.020    83.11
429  -67.861  106.296    8.59   2   1    -0.84    -0.54    0.020    83.11
430  -66.884  104.952    8.61   2   1    -0.77    -0.64    0.020    83.11
431  -65.747  103.741    8.63   2   1    -0.68    -0.73    0.020    83.11
432  -64.467  102.682    8.65   2   1    -0.59    -0.81    0.020    83.11
433  -63.064  101.792    8.67   2   1    -0.48    -0.88    0.020    83.11
434  -61.561  101.084    8.69   2   1    -0.37    -0.93    0.020    83.11
435  -59.981  100.571    8.71   2   1    -0.25    -0.97    0.020    83.11
436  -58.350  100.260    8.73   2   1    -0.13    -0.99    0.020    83.11
437  -56.692  100.155    8.75   2   1    -0.00    -1.00    0.020    83.11
438  -55.034  100.260    8.77   2   1     0.13    -0.99    0.020    83.11
439  -53.402  100.571    8.79   2   1     0.25    -0.97    0.020    83.11
440  -51.822  101.084    8.81   2   1     0.37    -0.93    0.020    83.11
441  -50.319  101.792    8.83   2   1     0.48    -0.88    0.020    83.11
442  -48.917  102.682    8.85   2   1     0.59    -0.81    0.020    83.11
443  -47.637  103.741    8.87   2   1     0.68    -0.73    0.020    83.11
444  -46.499  104.952    8.89   2   1     0.77    -0.64    0.020    83.11
445  -45.523  106.296    8.91   2   1     0.84    -0.54    0.020    83.11
446  -44.723  107.751    8.93   2   1     0.90    -0.43    0.020    83.11
447  -44.111  109.296    8.95   2   1     0.95    -0.31    0.020    83.11
448  -43.698  110.905    8.97   2   1     0.98    -0.19    0.020    83.11
449  -43.490  112.553    8.99   2   1     1.00    -0.06    0.020    83.11
450   13.202 -112.553    9.01   2   1     1.00     0.06    0.020    83.11
451   12.994 -110.905    9.03   2   1     0.98     0.19    0.020    83.11
452   12.581 -109.296    9.05   2   1     0.95     0.31    0.020    83.11
453   11.969 -107.751    9.07   2   1     0.90     0.43    0.020    83.11
454   11.169 -106.296    9.09   2   1     0.84     0.54    0.020    83.11
455   10.192 -104.952    9.11   2   1     0.77     0.64    0.020    83.11
456    9.055 -103.741    9.13   2   1     0.68     0.73    0.020    83.11
457    7.775 -102.682    9.15   2   1     0.59     0.81    0.020    83.11
458    6.373 -101.792    9.17   2   1     0.48     0.88    0.020    83.11
459    4.870 -101.084    9.19   2   1     0.37     0.93    0.020    83.11
460    3.290 -100.571    9.21   2   1     0.25     0.97    0.020    83.11
461    1.658 -100.260    9.23   2   1     0.13     0.99    0.020    83.11
462   -0.000 -100.155    9.25   2   1     0.00     1.00    0.020    83.11
463   -1.658 -100.260    9.27   2   1    -0.13     0.99    0.020    83.11
464   -3.290 -100.571    9.29   2   1    -0.25     0.97    0.020    83.11
465   -4.870 -101.084    9.31   2   1    -0.37     0.93    0.020    83.11
466   -6.373 -101.792    9.33   2   1    -0.48     0.88    0.020    83.11
467   -7.775 -102.682    9.35   2   1    -0.59     0.81    0.020    83.11
468   -9.055 -103.741    9.37   2   1    -0.68     0.73    0.020    83.11
469  -10.192 -104.952    9.39   2   1    -0.77     0.64    0.020    83.11
470  -11.169 -106.296    9.41   2   1    -0.84     0.54    0.020    83.11
471  -11.969 -107.751    9.43   2   1    -0.90     0.43    0.020    83.11
472  -12.581 -109.296    9.45   2   1    -0.95     0.31    0.020    83.11
473  -12.994 -110.905    9.47   2   1    -0.98     0.19    0.020    83.11
474  -13.202 -112.553    9.49   2   1    -1.00     0.06    0.020    83.11
475  -13.202 -114.214    9.51   2   1    -1.00    -0.06    0.020    83.11
476  -12.994 -115.862    9.53   2   1    -0.98    -0.19    0.020    83.11
477  -12.581 -117.471    9.55   2   1    -0.95    -0.31    0.020    83.11
478  -11.969 -119.016    9.57   2   1    -0.90    -0.43    0.020    83.11
479  -11.169 -120.472    9.59   2   1    -0.84    -0.54    0.020    83.11
480  -10.192 -121.815    9.61   2   1    -0.77    -0.64    0.020    83.11
481   -9.055 -123.026    9.63   2   1    -0.68    -0.73    0.020    83.11
482   -7.775 -124.085    9.65   2   1    -0.59    -0.81    0.020    83.11
483   -6.373 -124.975    9.67   2   1    -0.48    -0.88    0.020    83.11
484   -4.870 -125.683    9.69   2   1    -0.37    -0.93    0.020    83.11
485   -3.290 -126.196    9.71   2   1    -0.25    -0.97    0.020    83.11
486   -1.658 -126.507    9.73   2   1    -0.13    -0.99    0.020    83.11
487   -0.000 -126.612    9.75   2   1    -0.00    -1.00    0.020    83.11
488    1.658 -126.507    9.77   2   1     0.13    -0.99    0.020    83.11
489    3.290 -126.196    9.79   2   1     0.25    -0.97    0.020    83.11
490    4.870 -125.683    9.81   2   1     0.37    -0.93    0.020    83.11
491    6.373 -124.975    9.83   2   1     0.48    -0.88    0.020    83.11
492    7.775 -124.085    9.85   2   1     0.59    -0.81    0.020    83.11
493    9.055 -123.026    9.87   2   1     0.68    -0.73    0.020    83.11
494   10.192 -121.815    9.89   2   1     0.77    -0.64    0.020    83.11
495   11.169 -120.472    9.91   2   1     0.84    -0.54    0.020    83.11
496   11.969 -119.016    9.93   2   1     0.90    -0.43    0.020    83.11
497   12.581 -117.471    9.95   2   1     0.95    -0.31    0.020    83.11
498   12.994 -115.862    9.97   2   1     0.98    -0.19    0.020    83.11
499   13.202 -114.214    9.99   2   1     1.00    -0.06    0.020    83.11
500   13.202  -55.861   10.01   2   1     1.00     0.06    0.020    83.11
501   12.994  -54.213   10.03   2   1     0.98     0.19    0.020    83.11
502   12.581  -52.604   10.05   2   1     0.95     0.31    0.020    83.11
503   11.969  -51.060   10.07   2   1     0.90     0.43    0.020    83.11
504   11.169  -49.604   10.09   2   1     0.84     0.54    0.020    83.11
505   10.192  -48.260   10.11   2   1     0.77     0.64    0.020    83.11
506    9.055  -47.049   10.13   2   1     0.68     0.73    0.020    83.11
507    7.775  -45.990   10.15   2   1     0.59     0.81    0.020    83.11
508    6.373  -45.100   10.17   2   1     0.48     0.88    0.020    83.11
509    4.870  -44.393   10.19   2   1     0.37     0.93    0.020    83.11
510    3.290  -43.879   10.21   2   1     0.25     0.97    0.020    83.11
511    1.658  -43.568   10.23   2   1     0.13     0.99    0.020    83.11
512   -0.000  -43.464   10.25   2   1     0.00     1.00    0.020    83.11
513   -1.658  -43.568   10.27   2   1    -0.13     0.99    0.020    83.11
514   -3.290  -43.879   10.29   2   1    -0.25     0.97    0.020    83.11
515   -4.870  -44.393   10.31   2   1    -0.37     0.93    0.020    83.11
516   -6.373  -45.100   10.33   2   1    -0.48     0.88    0.020    83.11
517   -7.775  -45.990   10.35   2   1    -0.59     0.81    0.020    83.11
518   -9.055  -47.049   10.37   2   1    -0.68     0.73    0.020    83.11
519  -10.192  -48.260   10.39   2   1    -0.77     0.64    0.020    83.11
520  -11.169  -49.604   10.41   2   1    -0.84     0.54    0.020    83.11
521  -11.969  -51.060   10.43   2   1    -0.90     0.43    0.020    83.11
522  -12.581  -52.604   10.45   2   1    -0.95     0.31    0.020    83.11
523  -12.994  -54.213   10.47   2   1    -0.98     0.19    0.020    83.11
524  -13.202  -55.861   10.49   2   1    -1.00     0.06    0.020    83.11
525  -13.202  -57.522   10.51   2   1    -1.00    -0.06    0.020    83.11
526  -12.994  -59.170   10.53   2   1    -0.98    -0.19    0.020    83.11
527  -12.581  -60.779   10.55   2   1    -0.95    -0.31    0.020    83.11
528  -11.969  -62.324   10.57   2   1    -0.90    -0.43    0.020    83.11
529  -11.169  -63.780   10.59   2   1    -0.84    -0.54    0.020    83.11
530  -10.192  -65.124   10.61   2   1    -0.77    -0.64    0.020    83.11
531   -9.055  -66.335   10.63   2   1    -0.68    -0.73    0.020    83.11
532   -7.775  -67.394   10.65   2   1    -0.59    -0.81    0.020    83.11
533   -6.373  -68.284   10.67   2   1    -0.48    -0.88    0.020    83.11
534   -4.870  -68.991   10.69   2   1    -0.37    -0.93    0.020    83.11
535   -3.290  -69.504   10.71   2   1    -0.25    -0.97    0.020    83.11
536   -1.658  -69.816   10.73   2   1    -0.13    -0.99    0.020    83.11
537   -0.000  -69.920   10.75   2   1    -0.00    -1.00    0.020    83.11
538    1.658  -69.816   10.77   2   1     0.13    -0.99    0.020    83.11
539    3.290  -69.504   10.79   2   1     0.25    -0.97    0.020    83.11
540    4.870  -68.991   10.81   2   1     0.37    -0.93    0.020    83.11
541    6.373  -68.284   10.83   2   1     0.48    -0.88    0.020    83.11
542    7.775  -67.394   10.85   2   1     0.59    -0.81    0.020    83.11
543    9.055  -66.335   10.87   2   1     0.68    -0.73    0.020    83.11
544   10.192  -65.124   10.89   2   1     0.77    -0.64    0.020    83.11
545   11.169  -63.780   10.91   2   1     0.84    -0.54    0.020    83.11
546   11.969  -62.324   10.93   2   1     0.90    -0.43    0.020    83.11
547   12.581  -60.779   10.95   2   1     0.95    -0.31    0.020    83.11
548   12.994  -59.170   10.97   2   1     0.98    -0.19    0.020    83.11
549   13.202  -57.522   10.99   2   1     1.00    -0.06    0.020    83.11
550   13.202   57.522   11.01   2   1     1.00     0.06    0.020    83.11
551   12.994   59.170   11.03   2   1     0.98     0.19    0.020    83.11
552   12.581   60.779   11.05   2   1     0.95     0.31    0.020    83.11
553   11.969   62.324   11.07   2   1     0.90     0.43    0.020    83.11
554   11.169   63.780   11.09   2   1     0.84     0.54    0.020    83.11
555   10.192   65.124   11.11   2   1     0.77     0.64    0.020    83.11
556    9.055   66.335   11.13   2   1     0.68     0.73    0.020    83.11
557    7.775   67.394   11.15   2   1     0.59     0.81    0.020    83.11
558    6.373   68.284   11.17   2   1     0.48     0.88    0.020    83.11
559    4.870   68.991   11.19   2   1     0.37     0.93    0.020    83.11
560    3.290   69.504   11.21   2   1     0.25     0.97    0.020    83.11
561    1.658   69.816   11.23   2   1     0.13     0.99    0.020    83.11
562    0.000   69.920   11.25   2   1     0.00     1.00    0.020    83.11
563   -1.658   69.816   11.27   2   1    -0.13     0.99    0.020    83.11
564   -3.290   69.504   11.29   2   1    -0.25     0.97    0.020    83.11
565   -4.870   68.991   11.31   2   1    -0.37     0.93    0.020    83.11
566   -6.373   68.284   11.33   2   1    -0.48     0.88    0.020    83.11
567   -7.775   67.394   11.35   2   1    -0.59     0.81    0.020    83.11
568   -9.055   66.335   11.37   2   1    -0.68     0.73    0.020    83.11
569  -10.192   65.124   11.39   2   1    -0.77     0.64    0.020    83.11
570  -11.169   63.780   11.41   2   1    -0.84     0.54    0.020    83.11
571  -11.969   62.324   11.43   2   1    -0.90     0.43    0.020    83.11
572  -12.581   60.779   11.45   2   1    -0.95     0.31    0.020    83.11
573  -12.994   59.170   11.47   2   1    -0.98     0.19    0.020    83.11
574  -13.202   57.522   11.49   2   1    -1.00     0.06    0.020    83.11
575  -13.202   55.861   11.51   2   1    -1.00    -0.06    0.020    83.11
576  -12.994   54.213   11.53   2   1    -0.98    -0.19    0.020    83.11
577  -12.581   52.604   11.55   2   1    -0.95    -0.31    0.020    83.11
578  -11.969   51.060   11.57   2   1    -0.90    -0.43    0.020    83.11
579  -11.169   49.604   11.59   2   1    -0.84    -0.54    0.020    83.11
580  -10.192   48.260   11.61   2   1    -0.77    -0.64    0.020    83.11
581   -9.055   47.049   11.63   2   1    -0.68    -0.73    0.020    83.11
582   -7.775   45.990   11.65   2   1    -0.59    -0.81    0.020    83.11
583   -6.373   45.100   11.67   2   1    -0.48    -0.88    0.020    83.11
584   -4.870   44.393   11.69   2   1    -0.37    -0.93    0.020    83.11
585   -3.290   43.879   11.71   2   1    -0.25    -0.97    0.020    83.11
586   -1.658   43.568   11.73   2   1    -0.13    -0.99    0.020    83.11
587    0.000   43.464   11.75   2   1    -0.00    -1.00    0.020    83.11
588    1.658   43.568   11.77   2   1     0.13    -0.99    0.020    83.11
589    3.290   43.879   11.79   2   1     0.25    -0.97    0.020    83.11
590    4.870   44.393   11.81   2   1     0.37    -0.93    0.020    83.11
591    6.373   45.100   11.83   2   1     0.48    -0.88    0.020    83.11
592    7.775   45.990   11.85   2   1     0.59    -0.81    0.020    83.11
593    9.055   47.049   11.87   2   1     0.68    -0.73    0.020    83.11
594   10.192   48.260   11.89   2   1     0.77    -0.64    0.020    83.11
595   11.169   49.604   11.91   2   1     0.84    -0.54    0.020    83.11
596   11.969   51.060   11.93   2   1     0.90    -0.43    0.020    83.11
597   12.581   52.604   11.95   2   1     0.95    -0.31    0.020    83.11
598   12.994   54.213   11.97   2   1     0.98    -0.19    0.020    83.11
599   13.202   55.861   11.99   2   1     1.00    -0.06    0.020    83.11
600   13.202  114.214   12.01   2   1     1.00     0.06    0.020    83.11
601   12.994  115.862   12.03   2   1     0.98     0.19    0.020    83.11
602   12.581  117.471   12.05   2   1     0.95     0.31    0.020    83.11
603   11.969  119.016   12.07   2   1     0.90     0.43    0.020    83.11
604   11.169  120.472   12.09   2   1     0.84     0.54    0.020    83.11
605   10.192  121.815   12.11   2   1     0.77     0.64    0.020    83.11
606    9.055  123.026   12.13   2   1     0.68     0.73    0.020    83.11
607    7.775  124.085   12.15   2   1     0.59     0.81    0.020    83.11
608    6.373  124.975   12.17   2   1     0.48     0.88    0.020    83.11
609    4.870  125.683   12.19   2   1     0.37     0.93    0.020    83.11
610    3.290  126.196   12.21   2   1     0.25     0.97    0.020    83.11
611    1.658  126.507   12.23   2   1     0.13     0.99    0.020    83.11
612    0.000  126.612   12.25   2   1     0.00     1.00    0.020    83.11
613   -1.658  126.507   12.27   2   1    -0.13     0.99    0.020    83.11
614   -3.290  126.196   12.29   2   1    -0.25     0.97    0.020    83.11
615   -4.870  125.683   12.31   2   1    -0.37     0.93    0.020    83.11
616   -6.373  124.975   12.33   2   1    -0.48     0.88    0.020    83.11
617   -7.775  124.085   12.35   2   1    -0.59     0.81    0.020    83.11
618   -9.055  123.026   12.37   2   1    -0.68     0.73    0.020    83.11
619  -10.192  121.815   12.39   2   1    -0.77     0.64    0.020    83.11
620  -11.169  120.472   12.41   2   1    -0.84     0.54    0.020    83.11
621  -11.969  119.016   12.43   2   1    -0.90     0.43    0.020    83.11
622  -12.581  117.471   12.45   2   1    -0.95     0.31    0.020    83.11
623  -12.994  115.862   12.47   2   1    -0.98     0.19    0.020    83.11
624  -13.202  114.214   12.49   2   1    -1.00     0.06    0.020    83.11
625  -13.202  112.553   12.51   2   1    -1.00    -0.06    0.020    83.11
626  -12.994  110.905   12.53   2   1    -0.98    -0.19    0.020    83.11
627  -12.581  109.296   12.55   2   1    -0.95    -0.31    0.020    83.11
628  -11.969  107.751   12.57   2   1    -0.90    -0.43    0.020    83.11
629  -11.169  106.296   12.59   2   1    -0.84    -0.54    0.020    83.11
630  -10.192  104.952   12.61   2   1    -0.77    -0.64    0.020    83.11
631   -9.055  103.741   12.63   2   1    -0.68    -0.73    0.020    83.11
632   -7.775  102.682   12.65   2   1    -0.59    -0.81    0.020    83.11
633   -6.373  101.792   12.67   2   1    -0.48    -0.88    0.020    83.11
634   -4.870  101.084   12.69   2   1    -0.37    -0.93    0.020    83.11
635   -3.290  100.571   12.71   2   1    -0.25    -0.97    0.020    83.11
636   -1.658  100.260   12.73   2   1    -0.13    -0.99    0.020    83.11
637    0.000  100.155   12.75   2   1    -0.00    -1.00    0.020    83.11
638    1.658  100.260   12.77   2   1     0.13    -0.99    0.020    83.11
639    3.290  100.571   12.79   2   1     0.25    -0.97    0.020    83.11
640    4.870  101.084   12.81   2   1     0.37    -0.93    0.020    83.11
641    6.373  101.792   12.83   2   1     0.48    -0.88    0.020    83.11
642    7.775  102.682   12.85   2   1     0.59    -0.81    0.020    83.11
643    9.055  103.741   12.87   2   1     0.68    -0.73    0.020    83.11
644   10.192  104.952   12.89   2   1     0.77    -0.64    0.020    83.11
645   11.169  106.296   12.91   2   1     0.84    -0.54    0.020    83.11
646   11.969  107.751   12.93   2   1     0.90    -0.43    0.020    83.11
647   12.581  109.296   12.95   2   1     0.95    -0.31    0.020    83.11
648   12.994  110.905   12.97   2   1     0.98    -0.19    0.020    83.11
649   13.202  112.553   12.99   2   1     1.00    -0.06    0.020    83.11
650   69.894 -112.553   13.01   2   1     1.00     0.06    0.020    83.11
651   69.686 -110.905   13.03   2   1     0.98     0.19    0.020    83.11
652   69.272 -109.296   13.05   2   1     0.95     0.31    0.020    83.11
653   68.661 -107.751   13.07   2   1     0.90     0.43    0.020    83.11
654   67.861 -106.296   13.09   2   1     0.84     0.54    0.020    83.11
655   66.884 -104.952   13.11   2   1     0.77     0.64    0.020    83.11
656   65.747 -103.741   13.13   2   1     0.68     0.73    0.020    83.11
657   64.467 -102.682   13.15   2   1     0.59     0.81    0.020    83.11
658   63.064 -101.792   13.17   2   1     0.48     0.88    0.020    83.11
659   61.561 -101.084   13.19   2   1     0.37     0.93    0.020    83.11
660   59.981 -100.571   13.21   2   1     0.25     0.97    0.020    83.11
661   58.350 -100.260   13.23   2   1     0.13     0.99    0.020    83.11
662   56.692 -100.155   13.25   2   1     0.00     1.00    0.020    83.11
663   55.034 -100.260   13.27   2   1    -0.13     0.99    0.020    83.11
664   53.402 -100.571   13.29   2   1    -0.25     0.97    0.020    83.11
665   51.822 -101.084   13.31   2   1    -0.37     0.93    0.020    83.11
666   50.319 -101.792   13.33   2   1    -0.48     0.88    0.020    83.11
667   48.917 -102.682   13.35   2   1    -0.59     0.81    0.020    83.11
668   47.637 -103.741   13.37   2   1    -0.68     0.73    0.020    83.11
669   46.499 -104.952   13.39   2   1    -0.77     0.64    0.020    83.11
670   45.523 -106.296   13.41   2   1    -0.84     0.54    0.020    83.11
671   44.723 -107.751   13.43   2   1    -0.90     0.43    0.020    83.11
672   44.111 -109.296   13.45   2   1    -0.95     0.31    0.020    83.11
673   43.698 -110.905   13.47   2   1    -0.98     0.19    0.020    83.11
674   43.490 -112.553   13.49   2   1    -1.00     0.06    0.020    83.11
675   43.490 -114.214   13.51   2   1    -1.00    -0.06    0.020    83.11
676   43.698 -115.862   13.53   2   1    -0.98    -0.19    0.020    83.11
677   44.111 -117.471   13.55   2   1    -0.95    -0.31    0.020    83.11
678   44.723 -119.016   13.57   2   1    -0.90    -0.43    0.020    83.11
679   45.523 -120.472   13.59   2   1    -0.84    -0.54    0.020    83.11
680   46.499 -121.815   13.61   2   1    -0.77    -0.64    0.020    83.11
681   47.637 -123.026   13.63   2   1    -0.68    -0.73    0.020    83.11
682   48.917 -124.085   13.65   2   1    -0.59    -0.81    0.020    83.11
683   50.319 -124.975   13.67   2   1    -0.48    -0.88    0.020    83.11
684   51.822 -125.683   13.69   2   1    -0.37    -0.93    0.020    83.11
685   53.402 -126.196   13.71   2   1    -0.25    -0.97    0.020    83.11
686   55.034 -126.507   13.73   2   1    -0.13    -0.99    0.020    83.11
687   56.692 -126.612   13.75   2   1    -0.00    -1.00    0.020    83.11
688   58.350 -126.507   13.77   2   1     0.13    -0.99    0.020    83.11
689   59.981 -126.196   13.79   2   1     0.25    -0.97    0.020    83.11
690   61.561 -125.683   13.81   2   1     0.37    -0.93    0.020    83.11
691   63.064 -124.975   13.83   2   1     0.48    -0.88    0.020    83.11
692   64.467 -124.085   13.85   2   1     0.59    -0.81    0.020    83.11
693   65.747 -123.026   13.87   2   1     0.68    -0.73    0.020    83.11
694   66.884 -121.815   13.89   2   1     0.77    -0.64    0.020    83.11
695   67.861 -120.472   13.91   2   1     0.84    -0.54    0.020    83.11
696   68.661 -119.016   13.93   2   1     0.90    -0.43    0.020    83.11
697   69.272 -117.471   13.95   2   1     0.95    -0.31    0.020    83.11
698   69.686 -115.862   13.97   2   1     0.98    -0.19    0.020    83.11
699   69.894 -114.214   13.99   2   1     1.00    -0.06    0.020    83.11
700   69.894  -55.861   14.01   2   1     1.00     0.06    0.020    83.11
701   69.686  -54.213   14.03   2   1     0.98     0.19    0.020    83.11
702   69.272  -52.604   14.05   2   1     0.95     0.31    0.020    83.11
703   68.661  -51.060   14.07   2   1     0.90     0.43    0.020    83.11
704   67.861  -49.604   14.09   2   1     0.84     0.54    0.020    83.11
705   66.884  -48.260   14.11   2   1     0.77     0.64    0.020    83.11
706   65.747  -47.049   14.13   2   1     0.68     0.73    0.020    83.11
707   64.467  -45.990   14.15   2   1     0.59     0.81    0.020    83.11
708   63.064  -45.100   14.17   2   1     0.48     0.88    0.020    83.11
709   61.561  -44.393   14.19   2   1     0.37     0.93    0.020    83.11
710   59.981  -43.879   14.21   2   1     0.25     0.97    0.020    83.11
711   58.350  -43.568   14.23   2   1     0.13     0.99    0.020    83.11
712   56.692  -43.464   14.25   2   1     0.00     1.00    0.020    83.11
713   55.034  -43.568   14.27   2   1    -0.13     0.99    0.020    83.11
714   53.402  -43.879   14.29   2   1    -0.25     0.97    0.020    83.11
715   51.822  -44.393   14.31   2   1    -0.37     0.93    0.020    83.11
716   50.319  -45.100   14.33   2   1    -0.48     0.88    0.020    83.11
717   48.917  -45.990   14.35   2   1    -0.59     0.81    0.020    83.11
718   47.637  -47.049   14.37   2   1    -0.68     0.73    0.020    83.11
719   46.499  -48.260   14.39   2   1    -0.77     0.64    0.020    83.11
720   45.523  -49.604   14.41   2   1    -0.84     0.54    0.020    83.11
721   44.723  -51.060   14.43   2   1    -0.90     0.43    0.020    83.11
722   44.111  -52.604   14.45   2   1    -0.95     0.31    0.020    83.11
723   43.698  -54.213   14.47   2   1    -0.98     0.19    0.020    83.11
724   43.490  -55.861   14.49   2   1    -1.00     0.06    0.020    83.11
725   43.490  -57.522   14.51   2   1    -1.00    -0.06    0.020    83.11
726   43.698  -59.170   14.53   2   1    -0.98    -0.19    0.020    83.11
727   44.111  -60.779   14.55   2   1    -0.95    -0.31    0.020    83.11
728   44.723  -62.324   14.57   2   1    -0.90    -0.43    0.020    83.11
729   45.523  -63.780   14.59   2   1    -0.84    -0.54    0.020    83.11
730   46.499  -65.124   14.61   2   1    -0.77    -0.64    0.020    83.11
731   47.637  -66.335   14.63   2   1    -0.68    -0.73    0.020    83.11
732   48.917  -67.394   14.65   2   1    -0.59    -0.81    0.020    83.11
733   50.319  -68.284   14.67   2   1    -0.48    -0.88    0.020    83.11
734   51.822  -68.991   14.69   2   1    -0.37    -0.93    0.020    83.11
735   53.402  -69.504   14.71   2   1    -0.25    -0.97    0.020    83.11
736   55.034  -69.816   14.73   2   1    -0.13    -0.99    0.020    83.11
737   56.692  -69.920   14.75   2   1    -0.00    -1.00    0.020    83.11
738   58.350  -69.816   14.77   2   1     0.13    -0.99    0.020    83.11
739   59.981  -69.504   14.79   2   1     0.25    -0.97    0.020    83.11
740   61.561  -68.991   14.81   2   1     0.37    -0.93    0.020    83.11
741   63.064  -68.284   14.83   2   1     0.48    -0.88    0.020    83.11
742   64.467  -67.394   14.85   2   1     0.59    -0.81    0.020    83.11
743   65.747  -66.335   14.87   2   1     0.68    -0.73    0.020    83.11
744   66.884  -65.124   14.89   2   1     0.77    -0.64    0.020    83.11
745   67.861  -63.780   14.91   2   1     0.84    -0.54    0.020    83.11
746   68.661  -62.324   14.93   2   1     0.90    -0.43    0.020    83.11
747   69.272  -60.779   14.95   2   1     0.95    -0.31    0.020    83.11
748   69.686  -59.170   14.97   2   1     0.98    -0.19    0.020    83.11
749   69.894  -57.522   14.99   2   1     1.00    -0.06    0.020    83.11
750   69.894    0.831   15.01   2   1     1.00     0.06    0.020    83.11
751   69.686    2.479   15.03   2   1     0.98     0.19    0.020    83.11
752   69.272    4.088   15.05   2   1     0.95     0.31    0.020    83.11
753   68.661    5.632   15.07   2   1     0.90     0.43    0.020    83.11
754   67.861    7.088   15.09   2   1     0.84     0.54    0.020    83.11
755   66.884    8.432   15.11   2   1     0.77     0.64    0.020    83.11
756   65.747    9.643   15.13   2   1     0.68     0.73    0.020    83.11
757   64.467   10.702   15.15   2   1     0.59     0.81    0.020    83.11
758   63.064   11.592   15.17   2   1     0.48     0.88    0.020    83.11
759   61.561   12.299   15.19   2   1     0.37     0.93    0.020    83.11
760   59.981   12.812   15.21   2   1     0.25     0.97    0.020    83.11
761   58.350   13.124   15.23   2   1     0.13     0.99    0.020    83.11
762   56.692   13.228   15.25   2   1     0.00     1.00    0.020    83.11
763   55.034   13.124   15.27   2   1    -0.13     0.99    0.020    83.11
764   53.402   12.812   15.29   2   1    -0.25     0.97    0.020    83.11
765   51.822   12.299   15.31   2   1    -0.37     0.93    0.020    83.11
766   50.319   11.592   15.33   2   1    -0.48     0.88    0.020    83.11
767   48.917   10.702   15.35   2   1    -0.59     0.81    0.020    83.11
768   47.637    9.643   15.37   2   1    -0.68     0.73    0.020    83.11
769   46.499    8.432   15.39   2   1    -0.77     0.64    0.020    83.11
770   45.523    7.088   15.41   2   1    -0.84     0.54    0.020    83.11
771   44.723    5.632   15.43   2   1    -0.90     0.43    0.020    83.11
772   44.111    4.088   15.45   2   1    -0.95     0.31    0.020    83.11
773   43.698    2.479   15.47   2   1    -0.98     0.19    0.020    83.11
774   43.490    0.831   15.49   2   1    -1.00     0.06    0.020    83.11
775   43.490   -0.831   15.51   2   1    -1.00    -0.06    0.020    83.11
776   43.698   -2.479   15.53   2   1    -0.98    -0.19    0.020    83.11
777   44.111   -4.088   15.55   2   1    -0.95    -0.31    0.020    83.11
778   44.723   -5.632   15.57   2   1    -0.90    -0.43    0.020    83.11
779   45.523   -7.088   15.59   2   1    -0.84    -0.54    0.020    83.11
780   46.499   -8.432   15.61   2   1    -0.77    -0.64    0.020    83.11
781   47.637   -9.643   15.63   2   1    -0.68    -0.73    0.020    83.11
782   48.917  -10.702   15.65   2   1    -0.59    -0.81    0.020    83.11
783   50.319  -11.592   15.67   2   1    -0.48    -0.88    0.020    83.11
784   51.822  -12.299   15.69   2   1    -0.37    -0.93    0.020    83.11
785   53.402  -12.812   15.71   2   1    -0.25    -0.97    0.020    83.11
786   55.034  -13.124   15.73   2   1    -0.13    -0.99    0.020    83.11
787   56.692  -13.228   15.75   2   1    -0.00    -1.00    0.020    83.11
788   58.350  -13.124   15.77   2   1     0.13    -0.99    0.020    83.11
789   59.981  -12.812   15.79   2   1     0.25    -0.97    0.020    83.11
790   61.561  -12.299   15.81   2   1     0.37    -0.93    0.020    83.11
791   63.064  -11.592   15.83   2   1     0.48    -0.88    0.020    83.11
792   64.467  -10.702   15.85   2   1     0.59    -0.81    0.020    83.11
793   65.747   -9.643   15.87   2   1     0.68    -0.73    0.020    83.11
794   66.884   -8.432   15.89   2   1     0.77    -0.64    0.020    83.11
795   67.861   -7.088   15.91   2   1     0.84    -0.54    0.020    83.11
796   68.661   -5.632   15.93   2   1     0.90    -0.43    0.020    83.11
797   69.272   -4.088   15.95   2   1     0.95    -0.31    0.020    83.11
798   69.686   -2.479   15.97   2   1     0.98    -0.19    0.020    83.11
799   69.894   -0.831   15.99   2   1     1.00    -0.06    0.020    83.11
800   69.894   57.522   16.01   2   1     1.00     0.06    0.020    83.11
801   69.686   59.170   16.03   2   1     0.98     0.19    0.020    83.11
802   69.272   60.779   16.05   2   1     0.95     0.31    0.020    83.11
803   68.661   62.324   16.07   2   1     0.90     0.43    0.020    83.11
804   67.861   63.780   16.09   2   1     0.84     0.54    0.020    83.11
805   66.884   65.124   16.11   2   1     0.77     0.64    0.020    83.11
806   65.747   66.335   16.13   2   1     0.68     0.73    0.020    83.11
807   64.467   67.394   16.15   2   1     0.59     0.81    0.020    83.11
808   63.064   68.284   16.17   2   1     0.48     0.88    0.020    83.11
809   61.561   68.991   16.19   2   1     0.37     0.93    0.020    83.11
810   59.981   69.504   16.21   2   1     0.25     0.97    0.020    83.11
811   58.350   69.816   16.23   2   1     0.13     0.99    0.020    83.11
812   56.692   69.920   16.25   2   1     0.00     1.00    0.020    83.11
813   55.034   69.816   16.27   2   1    -0.13     0.99    0.020    83.11
814   53.402   69.504   16.29   2   1    -0.25     0.97    0.020    83.11
815   51.822   68.991   16.31   2   1    -0.37     0.93    0.020    83.11
816   50.319   68.284   16.33   2   1    -0.48     0.88    0.020    83.11
817   48.917   67.394   16.35   2   1    -0.59     0.81    0.020    83.11
818   47.637   66.335   16.37   2   1    -0.68     0.73    0.020    83.11
819   46.499   65.124   16.39   2   1    -0.77     0.64    0.020    83.11
820   45.523   63.780   16.41   2   1    -0.84     0.54    0.020    83.11
821   44.723   62.324   16.43   2   1    -0.90     0.43    0.020    83.11
822   44.111   60.779   16.45   2   1    -0.95     0.31    0.020    83.11
823   43.698   59.170   16.47   2   1    -0.98     0.19    0.020    83.11
824   43.490   57.522   16.49   2   1    -1.00     0.06    0.020    83.11
825   43.490   55.861   16.51   2   1    -1.00    -0.06    0.020    83.11
826   43.698   54.213   16.53   2   1    -0.98    -0.19    0.020    83.11
827   44.111   52.604   16.55   2   1    -0.95    -0.31    0.020    83.11
828   44.723   51.060   16.57   2   1    -0.90    -0.43    0.020    83.11
829   45.523   49.604   16.59   2   1    -0.84    -0.54    0.020    83.11
830   46.499   48.260   16.61   2   1    -0.77    -0.64    0.020    83.11
831   47.637   47.049   16.63   2   1    -0.68    -0.73    0.020    83.11
832   48.917   45.990   16.65   2   1    -0.59    -0.81    0.020    83.11
833   50.319   45.100   16.67   2   1    -0.48    -0.88    0.020    83.11
834   51.822   44.393   16.69   2   1    -0.37    -0.93    0.020    83.11
835   53.402   43.879   16.71   2   1    -0.25    -0.97    0.020    83.11
836   55.034   43.568   16.73   2   1    -0.13    -0.99    0.020    83.11
837   56.692   43.464   16.75   2   1    -0.00    -1.00    0.020    83.11
838   58.350   43.568   16.77   2   1     0.13    -0.99    0.020    83.11
839   59.981   43.879   16.79   2   1     0.25    -0.97    0.020    83.11
840   61.561   44.393   16.81   2   1     0.37    -0.93    0.020    83.11
841   63.064   45.100   16.83   2   1     0.48    -0.88    0.020    83.11
842   64.467   45.990   16.85   2   1     0.59    -0.81    0.020    83.11
843   65.747   47.049   16.87   2   1     0.68    -0.73    0.020    83.11
844   66.884   48.260   16.89   2   1     0.77    -0.64    0.020    83.11
845   67.861   49.604   16.91   2   1     0.84    -0.54    0.020    83.11
846   68.661   51.060   16.93   2   1     0.90    -0.43    0.020    83.11
847   69.272   52.604   16.95   2   1     0.95    -0.31    0.020    83.11
848   69.686   54.213   16.97   2   1     0.98    -0.19    0.020    83.11
849   69.894   55.861   16.99   2   1     1.00    -0.06    0.020    83.11
850   69.894  114.214   17.01   2   1     1.00     0.06    0.020    83.11
851   69.686  115.862   17.03   2   1     0.98     0.19    0.020    83.11
852   69.272  117.471   17.05   2   1     0.95     0.31    0.020    83.11
853   68.661  119.016   17.07   2   1     0.90     0.43    0.020    83.11
854   67.861  120.472   17.09   2   1     0.84     0.54    0.020    83.11
855   66.884  121.815   17.11   2   1     0.77     0.64    0.020    83.11
856   65.747  123.026   17.13   2   1     0.68     0.73    0.020    83.11
857   64.467  124.085   17.15   2   1     0.59     0.81    0.020    83.11
858   63.064  124.975   17.17   2   1     0.48     0.88    0.020    83.11
859   61.561  125.683   17.19   2   1     0.37     0.93    0.020    83.11
860   59.981  126.196   17.21   2   1     0.25     0.97    0.020    83.11
861   58.350  126.507   17.23   2   1     0.13     0.99    0.020    83.11
862   56.692  126.612   17.25   2   1     0.00     1.00    0.020    83.11
863   55.034  126.507   17.27   2   1    -0.13     0.99    0.020    83.11
864   53.402  126.196   17.29   2   1    -0.25     0.97    0.020    83.11
865   51.822  125.683   17.31   2   1    -0.37     0.93    0.020    83.11
866   50.319  124.975   17.33   2   1    -0.48     0.88    0.020    83.11
867   48.917  124.085   17.35   2   1    -0.59     0.81    0.020    83.11
868   47.637  123.026   17.37   2   1    -0.68     0.73    0.020    83.11
869   46.499  121.815   17.39   2   1    -0.77     0.64    0.020    83.11
870   45.523  120.472   17.41   2   1    -0.84     0.54    0.020    83.11
871   44.723  119.016   17.43   2   1    -0.90     0.43    0.020    83.11
872   44.111  117.471   17.45   2   1    -0.95     0.31    0.020    83.11
873   43.698  115.862   17.47   2   1    -0.98     0.19    0.020    83.11
874   43.490  114.214   17.49   2   1    -1.00     0.06    0.020    83.11
875   43.490  112.553   17.51   2   1    -1.00    -0.06    0.020    83.11
876   43.698  110.905   17.53   2   1    -0.98    -0.19    0.020    83.11
877   44.111  109.296   17.55   2   1    -0.95    -0.31    0.020    83.11
878   44.723  107.751   17.57   2   1    -0.90    -0.43    0.020    83.11
879   45.523  106.296   17.59   2   1    -0.84    -0.54    0.020    83.11
880   46.499  104.952   17.61   2   1    -0.77    -0.64    0.020    83.11
881   47.637  103.741   17.63   2   1    -0.68    -0.73    0.020    83.11
882   48.917  102.682   17.65   2   1    -0.59    -0.81    0.020    83.11
883   50.319  101.792   17.67   2   1    -0.48    -0.88    0.020    83.11
884   51.822  101.084   17.69   2   1    -0.37    -0.93    0.020    83.11
885   53.402  100.571   17.71   2   1    -0.25    -0.97    0.020    83.11
886   55.034  100.260   17.73   2   1    -0.13    -0.99    0.020    83.11
887   56.692  100.155   17.75   2   1    -0.00    -1.00    0.020    83.11
888   58.350  100.260   17.77   2   1     0.13    -0.99    0.020    83.11
889   59.981  100.571   17.79   2   1     0.25    -0.97    0.020    83.11
890   61.561  101.084   17.81   2   1     0.37    -0.93    0.020    83.11
891   63.064  101.792   17.83   2   1     0.48    -0.88    0.020    83.11
892   64.467  102.682   17.85   2   1     0.59    -0.81    0.020    83.11
893   65.747  103.741   17.87   2   1     0.68    -0.73    0.020    83.11
894   66.884  104.952   17.89   2   1     0.77    -0.64    0.020    83.11
895   67.861  106.296   17.91   2   1     0.84    -0.54    0.020    83.11
896   68.661  107.751   17.93   2   1     0.90    -0.43    0.020    83.11
897   69.272  109.296   17.95   2   1     0.95    -0.31    0.020    83.11
898   69.686  110.905   17.97   2   1     0.98    -0.19    0.020    83.11
899   69.894  112.553   17.99   2   1     1.00    -0.06    0.020    83.11
900  126.586  -55.861   18.01   2   1     1.00     0.06    0.020    83.11
901  126.377  -54.213   18.03   2   1     0.98     0.19    0.020    83.11
902  125.964  -52.604   18.05   2   1     0.95     0.31    0.020    83.11
903  125.353  -51.060   18.07   2   1     0.90     0.43    0.020    83.11
904  124.552  -49.604   18.09   2   1     0.84     0.54    0.020    83.11
905  123.576  -48.260   18.11   2   1     0.77     0.64    0.020    83.11
906  122.439  -47.049   18.13   2   1     0.68     0.73    0.020    83.11
907  121.159  -45.990   18.15   2   1     0.59     0.81    0.020    83.11
908  119.756  -45.100   18.17   2   1     0.48     0.88    0.020    83.11
909  118.253  -44.393   18.19   2   1     0.37     0.93    0.020    83.11
910  116.673  -43.879   18.21   2   1     0.25     0.97    0.020    83.11
911  115.041  -43.568   18.23   2   1     0.13     0.99    0.020    83.11
912  113.384  -43.464   18.25   2   1     0.00     1.00    0.020    83.11
913  111.726  -43.568   18.27   2   1    -0.13     0.99    0.020    83.11
914  110.094  -43.879   18.29   2   1    -0.25     0.97    0.020    83.11
915  108.514  -44.393   18.31   2   1    -0.37     0.93    0.020    83.11
916  107.011  -45.100   18.33   2   1    -0.48     0.88    0.020    83.11
917  105.608  -45.990   18.35   2   1    -0.59     0.81    0.020    83.11
918  104.328  -47.049   18.37   2   1    -0.68     0.73    0.020    83.11
919  103.191  -48.260   18.39   2   1    -0.77     0.64    0.020    83.11
920  102.215  -49.604   18.41   2   1    -0.84     0.54    0.020    83.11
921  101.414  -51.060   18.43   2   1    -0.90     0.43    0.020    83.11
922  100.803  -52.604   18.45   2   1    -0.95     0.31    0.020    83.11
923  100.390  -54.213   18.47   2   1    -0.98     0.19    0.020    83.11
924  100.182  -55.861   18.49   2   1    -1.00     0.06    0.020    83.11
925  100.182  -57.522   18.51   2   1    -1.00    -0.06    0.020    83.11
926  100.390  -59.170   18.53   2   1    -0.98    -0.19    0.020    83.11
927  100.803  -60.779   18.55   2   1    -0.95    -0.31    0.020    83.11
928  101.414  -62.324   18.57   2   1    -0.90    -0.43    0.020    83.11
929  102.215  -63.780   18.59   2   1    -0.84    -0.54    0.020    83.11
930  103.191  -65.124   18.61   2   1    -0.77    -0.64    0.020    83.11
931  104.328  -66.335   18.63   2   1    -0.68    -0.73    0.020    83.11
932  105.608  -67.394   18.65   2   1    -0.59    -0.81    0.020    83.11
933  107.011  -68.284   18.67   2   1    -0.48    -0.88    0.020    83.11
934  108.514  -68.991   18.69   2   1    -0.37    -0.93    0.020    83.11
935  110.094  -69.504   18.71   2   1    -0.25    -0.97    0.020    83.11
936  111.726  -69.816   18.73   2   1    -0.13    -0.99    0.020    83.11
937  113.384  -69.920   18.75   2   1    -0.00    -1.00    0.020    83.11
938  115.041  -69.816   18.77   2   1     0.13    -0.99    0.020    83.11
939  116.673  -69.504   18.79   2   1     0.25    -0.97    0.020    83.11
940  118.253  -68.991   18.81   2   1     0.37    -0.93    0.020    83.11
941  119.756  -68.284   18.83   2   1     0.48    -0.88    0.020    83.11
942  121.159  -67.394   18.85   2   1     0.59    -0.81    0.020    83.11
943  122.439  -66.335   18.87   2   1     0.68    -0.73    0.020    83.11
944  123.576  -65.124   18.89   2   1     0.77    -0.64    0.020    83.11
945  124.552  -63.780   18.91   2   1     0.84    -0.54    0.020    83.11
946  125.353  -62.324   18.93   2   1     0.90    -0.43    0.020    83.11
947  125.964  -60.779   18.95   2   1     0.95    -0.31    0.020    83.11
948  126.377  -59.170   18.97   2   1     0.98    -0.19    0.020    83.11
949  126.586  -57.522   18.99   2   1     1.00    -0.06    0.020    83.11
950  126.586    0.831   19.01   2   1     1.00     0.06    0.020    83.11
951  126.377    2.479   19.03   2   1     0.98     0.19    0.020    83.11
952  125.964    4.088   19.05   2   1     0.95     0.31    0.020    83.11
953  125.353    5.632   19.07   2   1     0.90     0.43    0.020    83.11
954  124.552    7.088   19.09   2   1     0.84     0.54    0.020    83.11
955  123.576    8.432   19.11   2   1     0.77     0.64    0.020    83.11
956  122.439    9.643   19.13   2   1     0.68     0.73    0.020    83.11
957  121.159   10.702   19.15   2   1     0.59     0.81    0.020    83.11
958  119.756   11.592   19.17   2   1     0.48     0.88    0.020    83.11
959  118.253   12.299   19.19   2   1     0.37     0.93    0.020    83.11
960  116.673   12.812   19.21   2   1     0.25     0.97    0.020    83.11
961  115.041   13.124   19.23   2   1     0.13     0.99    0.020    83.11
962  113.384   13.228   19.25   2   1     0.00     1.00    0.020    83.11
963  111.726   13.124   19.27   2   1    -0.13     0.99    0.020    83.11
964  110.094   12.812   19.29   2   1    -0.25     0.97    0.020    83.11
965  108.514   12.299   19.31   2   1    -0.37     0.93    0.020    83.11
966  107.011   11.592   19.33   2   1    -0.48     0.88    0.020    83.11
967  105.608   10.702   19.35   2   1    -0.59     0.81    0.020    83.11
968  104.328    9.643   19.37   2   1    -0.68     0.73    0.020    83.11
969  103.191    8.432   19.39   2   1    -0.77     0.64    0.020    83.11
970  102.215    7.088   19.41   2   1    -0.84     0.54    0.020    83.11
971  101.414    5.632   19.43   2   1    -0.90     0.43    0.020    83.11
972  100.803    4.088   19.45   2   1    -0.95     0.31    0.020    83.11
973  100.390    2.479   19.47   2   1    -0.98     0.19    0.020    83.11
974  100.182    0.831   19.49   2   1    -1.00     0.06    0.020    83.11
975  100.182   -0.831   19.51   2   1    -1.00    -0.06    0.020    83.11
976  100.390   -2.479   19.53   2   1    -0.98    -0.19    0.020    83.11
977  100.803   -4.088   19.55   2   1    -0.95    -0.31    0.020    83.11
978  101.414   -5.632   19.57   2   1    -0.90    -0.43    0.020    83.11
979  102.215   -7.088   19.59   2   1    -0.84    -0.54    0.020    83.11
980  103.191   -8.432   19.61   2   1    -0.77    -0.64    0.020    83.11
981  104.328   -9.643   19.63   2   1    -0.68    -0.73    0.020    83.11
982  105.608  -10.702   19.65   2   1    -0.59    -0.81    0.020    83.11
983  107.011  -11.592   19.67   2   1    -0.48    -0.88    0.020    83.11
984  108.514  -12.299   19.69   2   1    -0.37    -0.93    0.020    83.11
985  110.094  -12.812   19.71   2   1    -0.25    -0.97    0.020    83.11
986  111.726  -13.124   19.73   2   1    -0.13    -0.99    0.020    83.11
987  113.384  -13.228   19.75   2   1    -0.00    -1.00    0.020    83.11
988  115.041  -13.124   19.77   2   1     0.13    -0.99    0.020    83.11
989  116.673  -12.812   19.79   2   1     0.25    -0.97    0.020    83.11
990  118.253  -12.299   19.81   2   1     0.37    -0.93    0.020    83.11
991  119.756  -11.592   19.83   2   1     0.48    -0.88    0.020    83.11
992  121.159  -10.702   19.85   2   1     0.59    -0.81    0.020    83.11
993  122.439   -9.643   19.87   2   1     0.68    -0.73    0.020    83.11
994  123.576   -8.432   19.89   2   1     0.77    -0.64    0.020    83.11
995  124.552   -7.088   19.91   2   1     0.84    -0.54    0.020    83.11
996  125.353   -5.632   19.93   2   1     0.90    -0.43    0.020    83.11
997  125.964   -4.088   19.95   2   1     0.95    -0.31    0.020    83.11
998  126.377   -2.479   19.97   2   1     0.98    -0.19    0.020    83.11
999  126.586   -0.831   19.99   2   1     1.00    -0.06    0.020    83.11
1000  126.586   57.522   20.01   2   1     1.00     0.06    0.020    83.11
1001  126.377   59.170   20.03   2   1     0.98     0.19    0.020    83.11
1002  125.964   60.779   20.05   2   1     0.95     0.31    0.020    83.11
1003  125.353   62.324   20.07   2   1     0.90     0.43    0.020    83.11
1004  124.552   63.780   20.09   2   1     0.84     0.54    0.020    83.11
1005  123.576   65.124   20.11   2   1     0.77     0.64    0.020    83.11
1006  122.439   66.335   20.13   2   1     0.68     0.73    0.020    83.11
1007  121.159   67.394   20.15   2   1     0.59     0.81    0.020    83.11
1008  119.756   68.284   20.17   2   1     0.48     0.88    0.020    83.11
1009  118.253   68.991   20.19   2   1     0.37     0.93    0.020    83.11
1010  116.673   69.504   20.21   2   1     0.25     0.97    0.020    83.11
1011  115.041   69.816   20.23   2   1     0.13     0.99    0.020    83.11
1012  113.384   69.920   20.25   2   1     0.00     1.00    0.020    83.11
1013  111.726   69.816   20.27   2   1    -0.13     0.99    0.020    83.11
1014  110.094   69.504   20.29   2   1    -0.25     0.97    0.020    83.11
1015  108.514   68.991   20.31   2   1    -0.37     0.93    0.020    83.11
1016  107.011   68.284   20.33   2   1    -0.48     0.88    0.020    83.11
1017  105.608   67.394   20.35   2   1    -0.59     0.81    0.020    83.11
1018  104.328   66.335   20.37   2   1    -0.68     0.73    0.020    83.11
1019  103.191   65.124   20.39   2   1    -0.77     0.64    0.020    83.11
1020  102.215   63.780   20.41   2   1    -0.84     0.54    0.020    83.11
1021  101.414   62.324   20.43   2   1    -0.90     0.43    0.020    83.11
1022  100.803   60.779   20.45   2   1    -0.95     0.31    0.020    83.11
1023  100.390   59.170   20.47   2   1    -0.98     0.19    0.020    83.11
1024  100.182   57.522   20.49   2   1    -1.00     0.06    0.020    83.11
1025  100.182   55.861   20.51   2   1    -1.00    -0.06    0.020    83.11
1026  100.390   54.213   20.53   2   1    -0.98    -0.19    0.020    83.11
1027  100.803   52.604   20.55   2   1    -0.95    -0.31    0.020    83.11
1028  101.414   51.060   20.57   2   1    -0.90    -0.43    0.020    83.11
1029  102.215   49.604   20.59   2   1    -0.84    -0.54    0.020    83.11
1030  103.191   48.260   20.61   2   1    -0.77    -0.64    0.020    83.11
1031  104.328   47.049   20.63   2   1    -0.68    -0.73    0.020    83.11
1032  105.608   45.990   20.65   2   1    -0.59    -0.81    0.020    83.11
1033  107.011   45.100   20.67   2   1    -0.48    -0.88    0.020    83.11
1034  108.514   44.393   20.69   2   1    -0.37    -0.93    0.020    83.11
1035  110.094   43.879   20.71   2   1    -0.25    -0.97    0.020    83.11
1036  111.726   43.568   20.73   2   1    -0.13    -0.99    0.020    83.11
1037  113.384   43.464   20.75   2   1    -0.00    -1.00    0.020    83.11
1038  115.041   43.568   20.77   2   1     0.13    -0.99    0.020    83.11
1039  116.673   43.879   20.79   2   1     0.25    -0.97    0.020    83.11
1040  118.253   44.393   20.81   2   1     0.37    -0.93    0.020    83.11
1041  119.756   45.100   20.83   2   1     0.48    -0.88    0.020    83.11
1042  121.159   45.990   20.85   2   1     0.59    -0.81    0.020    83.11
1043  122.439   47.049   20.87   2   1     0.68    -0.73    0.020    83.11
1044  123.576   48.260   20.89   2   1     0.77    -0.64    0.020    83.11
1045  124.552   49.604   20.91   2   1     0.84    -0.54    0.020    83.11
1046  125.353   51.060   20.93   2   1     0.90    -0.43    0.020    83.11
1047  125.964   52.604   20.95   2   1     0.95    -0.31    0.020    83.11
1048  126.377   54.213   20.97   2   1     0.98    -0.19    0.020    83.11
1049  126.586   55.861   20.99   2   1     1.00    -0.06    0.020    83.11
